iteration,params,plan_id,confidence,plan_content
0,"['complete+verified', '[nl]', 'tech info', ""movie', 'tv mini series', 'tv movie', 'tv mini series', 'tv movie"", '%p%', '%P%', '%3%', '2003']",187,0.52350974,/*+  SeqScan(mc) SeqScan(cn) SeqScan(cc) IndexScan(t title_pkey) SeqScan(kt) IndexScan(mi movie_id_movie_info) SeqScan(ct) SeqScan(it) IndexScan(mk movie_id_movie_keyword) SeqScan(cct) SeqScan(k) HashJoin(mc cn) HashJoin(mc cn cc) NestLoop(mc cn cc t) HashJoin(mc cn cc t kt) NestLoop(mc cn cc t kt mi) HashJoin(mc cn cc t kt mi ct) HashJoin(mc cn cc t kt mi ct it) NestLoop(mc cn cc t kt mi ct it mk) HashJoin(mc cn cc t kt mi ct it mk cct) HashJoin(mc cn cc t kt mi ct it mk cct k) Leading(((((((((((mc cn) cc) t) kt) mi) ct) it) mk) cct) k)) */
0,"['complete+verified', '[us]', 'release dates', ""movie', 'episode"", '%internet%', 'USA:%200%', 'USA:% 200%', '2000']",187,0.5345659,/*+  SeqScan(mc) SeqScan(cn) SeqScan(cc) IndexScan(t title_pkey) SeqScan(kt) IndexScan(mi movie_id_movie_info) SeqScan(ct) SeqScan(it) IndexScan(mk movie_id_movie_keyword) SeqScan(cct) SeqScan(k) HashJoin(mc cn) HashJoin(mc cn cc) NestLoop(mc cn cc t) HashJoin(mc cn cc t kt) NestLoop(mc cn cc t kt mi) HashJoin(mc cn cc t kt mi ct) HashJoin(mc cn cc t kt mi ct it) NestLoop(mc cn cc t kt mi ct it mk) HashJoin(mc cn cc t kt mi ct it mk cct) HashJoin(mc cn cc t kt mi ct it mk cct k) Leading(((((((((((mc cn) cc) t) kt) mi) ct) it) mk) cct) k)) */
0,"['complete+verified', '[gb]', 'locations', ""movie', 'movie', 'video game', 'tv movie', 'tv mini series"", '%f%', '%S%', '%e%', '1939']",187,0.52266896,/*+  SeqScan(mc) SeqScan(cn) SeqScan(cc) IndexScan(t title_pkey) SeqScan(kt) IndexScan(mi movie_id_movie_info) SeqScan(ct) SeqScan(it) IndexScan(mk movie_id_movie_keyword) SeqScan(cct) SeqScan(k) HashJoin(mc cn) HashJoin(mc cn cc) NestLoop(mc cn cc t) HashJoin(mc cn cc t kt) NestLoop(mc cn cc t kt mi) HashJoin(mc cn cc t kt mi ct) HashJoin(mc cn cc t kt mi ct it) NestLoop(mc cn cc t kt mi ct it mk) HashJoin(mc cn cc t kt mi ct it mk cct) HashJoin(mc cn cc t kt mi ct it mk cct k) Leading(((((((((((mc cn) cc) t) kt) mi) ct) it) mk) cct) k)) */
0,"['complete+verified', '[us]', 'release dates', ""movie', 'tv movie', 'video movie', 'video game"", '%internet%', 'USA:% 199%', 'USA:% 200%', '1990']",187,0.532712,/*+  SeqScan(mc) SeqScan(cn) SeqScan(cc) IndexScan(t title_pkey) SeqScan(kt) IndexScan(mi movie_id_movie_info) SeqScan(ct) SeqScan(it) IndexScan(mk movie_id_movie_keyword) SeqScan(cct) SeqScan(k) HashJoin(mc cn) HashJoin(mc cn cc) NestLoop(mc cn cc t) HashJoin(mc cn cc t kt) NestLoop(mc cn cc t kt mi) HashJoin(mc cn cc t kt mi ct) HashJoin(mc cn cc t kt mi ct it) NestLoop(mc cn cc t kt mi ct it mk) HashJoin(mc cn cc t kt mi ct it mk cct) HashJoin(mc cn cc t kt mi ct it mk cct k) Leading(((((((((((mc cn) cc) t) kt) mi) ct) it) mk) cct) k)) */
0,"['complete+verified', '[fr]', 'release dates', ""movie', 'movie', 'movie', 'episode', 'movie"", '%City%', '%A%', '%sparked%', '2001']",187,0.5356622,/*+  SeqScan(mc) SeqScan(cn) SeqScan(cc) IndexScan(t title_pkey) SeqScan(kt) IndexScan(mi movie_id_movie_info) SeqScan(ct) SeqScan(it) IndexScan(mk movie_id_movie_keyword) SeqScan(cct) SeqScan(k) HashJoin(mc cn) HashJoin(mc cn cc) NestLoop(mc cn cc t) HashJoin(mc cn cc t kt) NestLoop(mc cn cc t kt mi) HashJoin(mc cn cc t kt mi ct) HashJoin(mc cn cc t kt mi ct it) NestLoop(mc cn cc t kt mi ct it mk) HashJoin(mc cn cc t kt mi ct it mk cct) HashJoin(mc cn cc t kt mi ct it mk cct k) Leading(((((((((((mc cn) cc) t) kt) mi) ct) it) mk) cct) k)) */
0,"['complete+verified', '[us]', 'release dates', ""movie', 'movie', 'episode', 'episode', 'movie"", '%p%', '%l%', '%Shane%', '2003']",187,0.53479415,/*+  SeqScan(mc) SeqScan(cn) SeqScan(cc) IndexScan(t title_pkey) SeqScan(kt) IndexScan(mi movie_id_movie_info) SeqScan(ct) SeqScan(it) IndexScan(mk movie_id_movie_keyword) SeqScan(cct) SeqScan(k) HashJoin(mc cn) HashJoin(mc cn cc) NestLoop(mc cn cc t) HashJoin(mc cn cc t kt) NestLoop(mc cn cc t kt mi) HashJoin(mc cn cc t kt mi ct) HashJoin(mc cn cc t kt mi ct it) NestLoop(mc cn cc t kt mi ct it mk) HashJoin(mc cn cc t kt mi ct it mk cct) HashJoin(mc cn cc t kt mi ct it mk cct k) Leading(((((((((((mc cn) cc) t) kt) mi) ct) it) mk) cct) k)) */
0,"['complete+verified', '[nl]', 'locations', ""movie', 'tv mini series', 'episode', 'tv mini series', 'episode"", '%a%', '%a%', '%s%', '1981']",187,0.54364496,/*+  SeqScan(mc) SeqScan(cn) SeqScan(cc) IndexScan(t title_pkey) SeqScan(kt) IndexScan(mi movie_id_movie_info) SeqScan(ct) SeqScan(it) IndexScan(mk movie_id_movie_keyword) SeqScan(cct) SeqScan(k) HashJoin(mc cn) HashJoin(mc cn cc) NestLoop(mc cn cc t) HashJoin(mc cn cc t kt) NestLoop(mc cn cc t kt mi) HashJoin(mc cn cc t kt mi ct) HashJoin(mc cn cc t kt mi ct it) NestLoop(mc cn cc t kt mi ct it mk) HashJoin(mc cn cc t kt mi ct it mk cct) HashJoin(mc cn cc t kt mi ct it mk cct k) Leading(((((((((((mc cn) cc) t) kt) mi) ct) it) mk) cct) k)) */
0,"['complete+verified', '[gb]', 'release dates', ""episode', 'movie', 'movie', 'movie', 'tv movie"", '%u%', '%of%', '%l%', '2008']",187,0.5331094,/*+  SeqScan(mc) SeqScan(cn) SeqScan(cc) IndexScan(t title_pkey) SeqScan(kt) IndexScan(mi movie_id_movie_info) SeqScan(ct) SeqScan(it) IndexScan(mk movie_id_movie_keyword) SeqScan(cct) SeqScan(k) HashJoin(mc cn) HashJoin(mc cn cc) NestLoop(mc cn cc t) HashJoin(mc cn cc t kt) NestLoop(mc cn cc t kt mi) HashJoin(mc cn cc t kt mi ct) HashJoin(mc cn cc t kt mi ct it) NestLoop(mc cn cc t kt mi ct it mk) HashJoin(mc cn cc t kt mi ct it mk cct) HashJoin(mc cn cc t kt mi ct it mk cct k) Leading(((((((((((mc cn) cc) t) kt) mi) ct) it) mk) cct) k)) */
0,"['complete+verified', '[us]', 'release dates', ""episode', 'episode', 'episode', 'episode', 'episode"", '%o%', '%o%', '%i%', '2009']",187,0.5276536,/*+  SeqScan(mc) SeqScan(cn) SeqScan(cc) IndexScan(t title_pkey) SeqScan(kt) IndexScan(mi movie_id_movie_info) SeqScan(ct) SeqScan(it) IndexScan(mk movie_id_movie_keyword) SeqScan(cct) SeqScan(k) HashJoin(mc cn) HashJoin(mc cn cc) NestLoop(mc cn cc t) HashJoin(mc cn cc t kt) NestLoop(mc cn cc t kt mi) HashJoin(mc cn cc t kt mi ct) HashJoin(mc cn cc t kt mi ct it) NestLoop(mc cn cc t kt mi ct it mk) HashJoin(mc cn cc t kt mi ct it mk cct) HashJoin(mc cn cc t kt mi ct it mk cct k) Leading(((((((((((mc cn) cc) t) kt) mi) ct) it) mk) cct) k)) */
0,"['complete+verified', '[de]', 'release dates', ""movie', 'episode', 'movie', 'episode', 'episode"", '%u%', '%C%', '%We%', '1979']",187,0.53695214,/*+  SeqScan(mc) SeqScan(cn) SeqScan(cc) IndexScan(t title_pkey) SeqScan(kt) IndexScan(mi movie_id_movie_info) SeqScan(ct) SeqScan(it) IndexScan(mk movie_id_movie_keyword) SeqScan(cct) SeqScan(k) HashJoin(mc cn) HashJoin(mc cn cc) NestLoop(mc cn cc t) HashJoin(mc cn cc t kt) NestLoop(mc cn cc t kt mi) HashJoin(mc cn cc t kt mi ct) HashJoin(mc cn cc t kt mi ct it) NestLoop(mc cn cc t kt mi ct it mk) HashJoin(mc cn cc t kt mi ct it mk cct) HashJoin(mc cn cc t kt mi ct it mk cct k) Leading(((((((((((mc cn) cc) t) kt) mi) ct) it) mk) cct) k)) */
0,"['complete', '[nl]', 'release dates', ""episode', 'episode', 'episode', 'episode', 'episode"", '%DVD%', '%the%', '%My%', '1963']",187,0.5411147,/*+  SeqScan(mc) SeqScan(cn) SeqScan(cc) IndexScan(t title_pkey) SeqScan(kt) IndexScan(mi movie_id_movie_info) SeqScan(ct) SeqScan(it) IndexScan(mk movie_id_movie_keyword) SeqScan(cct) SeqScan(k) HashJoin(mc cn) HashJoin(mc cn cc) NestLoop(mc cn cc t) HashJoin(mc cn cc t kt) NestLoop(mc cn cc t kt mi) HashJoin(mc cn cc t kt mi ct) HashJoin(mc cn cc t kt mi ct it) NestLoop(mc cn cc t kt mi ct it mk) HashJoin(mc cn cc t kt mi ct it mk cct) HashJoin(mc cn cc t kt mi ct it mk cct k) Leading(((((((((((mc cn) cc) t) kt) mi) ct) it) mk) cct) k)) */
0,"['complete', '[gb]', 'certificates', ""movie', 'tv series', 'video game', 'tv mini series', 'video game"", '%g%', '%4%', '%c%', '2005']",187,0.53851736,/*+  SeqScan(mc) SeqScan(cn) SeqScan(cc) IndexScan(t title_pkey) SeqScan(kt) IndexScan(mi movie_id_movie_info) SeqScan(ct) SeqScan(it) IndexScan(mk movie_id_movie_keyword) SeqScan(cct) SeqScan(k) HashJoin(mc cn) HashJoin(mc cn cc) NestLoop(mc cn cc t) HashJoin(mc cn cc t kt) NestLoop(mc cn cc t kt mi) HashJoin(mc cn cc t kt mi ct) HashJoin(mc cn cc t kt mi ct it) NestLoop(mc cn cc t kt mi ct it mk) HashJoin(mc cn cc t kt mi ct it mk cct) HashJoin(mc cn cc t kt mi ct it mk cct k) Leading(((((((((((mc cn) cc) t) kt) mi) ct) it) mk) cct) k)) */
0,"['complete', '[fr]', 'release dates', ""episode', 'episode', 'episode', 'episode', 'episode"", '%DVD%', '%USA%', '%PFM%', '2001']",187,0.5360739,/*+  SeqScan(mc) SeqScan(cn) SeqScan(cc) IndexScan(t title_pkey) SeqScan(kt) IndexScan(mi movie_id_movie_info) SeqScan(ct) SeqScan(it) IndexScan(mk movie_id_movie_keyword) SeqScan(cct) SeqScan(k) HashJoin(mc cn) HashJoin(mc cn cc) NestLoop(mc cn cc t) HashJoin(mc cn cc t kt) NestLoop(mc cn cc t kt mi) HashJoin(mc cn cc t kt mi ct) HashJoin(mc cn cc t kt mi ct it) NestLoop(mc cn cc t kt mi ct it mk) HashJoin(mc cn cc t kt mi ct it mk cct) HashJoin(mc cn cc t kt mi ct it mk cct k) Leading(((((((((((mc cn) cc) t) kt) mi) ct) it) mk) cct) k)) */
0,"['complete+verified', '[us]', 'release dates', ""movie', 'episode"", '%internet%', 'Japan:%200%', 'USA:% 200%', '2000']",187,0.5345659,/*+  SeqScan(mc) SeqScan(cn) SeqScan(cc) IndexScan(t title_pkey) SeqScan(kt) IndexScan(mi movie_id_movie_info) SeqScan(ct) SeqScan(it) IndexScan(mk movie_id_movie_keyword) SeqScan(cct) SeqScan(k) HashJoin(mc cn) HashJoin(mc cn cc) NestLoop(mc cn cc t) HashJoin(mc cn cc t kt) NestLoop(mc cn cc t kt mi) HashJoin(mc cn cc t kt mi ct) HashJoin(mc cn cc t kt mi ct it) NestLoop(mc cn cc t kt mi ct it mk) HashJoin(mc cn cc t kt mi ct it mk cct) HashJoin(mc cn cc t kt mi ct it mk cct k) Leading(((((((((((mc cn) cc) t) kt) mi) ct) it) mk) cct) k)) */
0,"['complete+verified', '[us]', 'release dates', ""episode', 'episode', 'episode', 'movie', 'episode"", '%t%', '%i%', '%White%', '2006']",187,0.53987056,/*+  SeqScan(mc) SeqScan(cn) SeqScan(cc) IndexScan(t title_pkey) SeqScan(kt) IndexScan(mi movie_id_movie_info) SeqScan(ct) SeqScan(it) IndexScan(mk movie_id_movie_keyword) SeqScan(cct) SeqScan(k) HashJoin(mc cn) HashJoin(mc cn cc) NestLoop(mc cn cc t) HashJoin(mc cn cc t kt) NestLoop(mc cn cc t kt mi) HashJoin(mc cn cc t kt mi ct) HashJoin(mc cn cc t kt mi ct it) NestLoop(mc cn cc t kt mi ct it mk) HashJoin(mc cn cc t kt mi ct it mk cct) HashJoin(mc cn cc t kt mi ct it mk cct k) Leading(((((((((((mc cn) cc) t) kt) mi) ct) it) mk) cct) k)) */
0,"['complete+verified', '[us]', 'color info', ""movie', 'tv mini series', 'tv mini series', 'tv mini series', 'tv series"", '%o%', '%C%', '%o%', '1963']",187,0.5341046,/*+  SeqScan(mc) SeqScan(cn) SeqScan(cc) IndexScan(t title_pkey) SeqScan(kt) IndexScan(mi movie_id_movie_info) SeqScan(ct) SeqScan(it) IndexScan(mk movie_id_movie_keyword) SeqScan(cct) SeqScan(k) HashJoin(mc cn) HashJoin(mc cn cc) NestLoop(mc cn cc t) HashJoin(mc cn cc t kt) NestLoop(mc cn cc t kt mi) HashJoin(mc cn cc t kt mi ct) HashJoin(mc cn cc t kt mi ct it) NestLoop(mc cn cc t kt mi ct it mk) HashJoin(mc cn cc t kt mi ct it mk cct) HashJoin(mc cn cc t kt mi ct it mk cct k) Leading(((((((((((mc cn) cc) t) kt) mi) ct) it) mk) cct) k)) */
0,"['complete+verified', '[us]', 'release dates', ""movie', 'episode"", '%internet%', 'USA:%2008%', 'USA:%201%', '1990']",187,0.532712,/*+  SeqScan(mc) SeqScan(cn) SeqScan(cc) IndexScan(t title_pkey) SeqScan(kt) IndexScan(mi movie_id_movie_info) SeqScan(ct) SeqScan(it) IndexScan(mk movie_id_movie_keyword) SeqScan(cct) SeqScan(k) HashJoin(mc cn) HashJoin(mc cn cc) NestLoop(mc cn cc t) HashJoin(mc cn cc t kt) NestLoop(mc cn cc t kt mi) HashJoin(mc cn cc t kt mi ct) HashJoin(mc cn cc t kt mi ct it) NestLoop(mc cn cc t kt mi ct it mk) HashJoin(mc cn cc t kt mi ct it mk cct) HashJoin(mc cn cc t kt mi ct it mk cct k) Leading(((((((((((mc cn) cc) t) kt) mi) ct) it) mk) cct) k)) */
0,"['complete+verified', '[us]', 'release dates', ""episode', 'episode', 'movie', 'episode', 'movie"", '%n%', '%is%', '%he%', '1972']",187,0.52645636,/*+  SeqScan(mc) SeqScan(cn) SeqScan(cc) IndexScan(t title_pkey) SeqScan(kt) IndexScan(mi movie_id_movie_info) SeqScan(ct) SeqScan(it) IndexScan(mk movie_id_movie_keyword) SeqScan(cct) SeqScan(k) HashJoin(mc cn) HashJoin(mc cn cc) NestLoop(mc cn cc t) HashJoin(mc cn cc t kt) NestLoop(mc cn cc t kt mi) HashJoin(mc cn cc t kt mi ct) HashJoin(mc cn cc t kt mi ct it) NestLoop(mc cn cc t kt mi ct it mk) HashJoin(mc cn cc t kt mi ct it mk cct) HashJoin(mc cn cc t kt mi ct it mk cct k) Leading(((((((((((mc cn) cc) t) kt) mi) ct) it) mk) cct) k)) */
0,"['complete', '[us]', 'release dates', ""episode', 'episode', 'episode', 'episode', 'episode"", '%premiere%', '%o%', '%e%', '1938']",187,0.5358238,/*+  SeqScan(mc) SeqScan(cn) SeqScan(cc) IndexScan(t title_pkey) SeqScan(kt) IndexScan(mi movie_id_movie_info) SeqScan(ct) SeqScan(it) IndexScan(mk movie_id_movie_keyword) SeqScan(cct) SeqScan(k) HashJoin(mc cn) HashJoin(mc cn cc) NestLoop(mc cn cc t) HashJoin(mc cn cc t kt) NestLoop(mc cn cc t kt mi) HashJoin(mc cn cc t kt mi ct) HashJoin(mc cn cc t kt mi ct it) NestLoop(mc cn cc t kt mi ct it mk) HashJoin(mc cn cc t kt mi ct it mk cct) HashJoin(mc cn cc t kt mi ct it mk cct k) Leading(((((((((((mc cn) cc) t) kt) mi) ct) it) mk) cct) k)) */
0,"['complete', '[de]', 'release dates', ""tv movie', 'movie', 'episode', 'video game', 'tv movie"", '%premiere%', '%opposed%', '%U%', '2004']",187,0.5329694,/*+  SeqScan(mc) SeqScan(cn) SeqScan(cc) IndexScan(t title_pkey) SeqScan(kt) IndexScan(mi movie_id_movie_info) SeqScan(ct) SeqScan(it) IndexScan(mk movie_id_movie_keyword) SeqScan(cct) SeqScan(k) HashJoin(mc cn) HashJoin(mc cn cc) NestLoop(mc cn cc t) HashJoin(mc cn cc t kt) NestLoop(mc cn cc t kt mi) HashJoin(mc cn cc t kt mi ct) HashJoin(mc cn cc t kt mi ct it) NestLoop(mc cn cc t kt mi ct it mk) HashJoin(mc cn cc t kt mi ct it mk cct) HashJoin(mc cn cc t kt mi ct it mk cct k) Leading(((((((((((mc cn) cc) t) kt) mi) ct) it) mk) cct) k)) */
0,"['complete+verified', '[us]', 'certificates', ""movie', 'tv mini series', 'tv mini series', 'movie', 'video movie"", '%u%', '%S%', '%z%', '2001']",187,0.534767,/*+  SeqScan(mc) SeqScan(cn) SeqScan(cc) IndexScan(t title_pkey) SeqScan(kt) IndexScan(mi movie_id_movie_info) SeqScan(ct) SeqScan(it) IndexScan(mk movie_id_movie_keyword) SeqScan(cct) SeqScan(k) HashJoin(mc cn) HashJoin(mc cn cc) NestLoop(mc cn cc t) HashJoin(mc cn cc t kt) NestLoop(mc cn cc t kt mi) HashJoin(mc cn cc t kt mi ct) HashJoin(mc cn cc t kt mi ct it) NestLoop(mc cn cc t kt mi ct it mk) HashJoin(mc cn cc t kt mi ct it mk cct) HashJoin(mc cn cc t kt mi ct it mk cct k) Leading(((((((((((mc cn) cc) t) kt) mi) ct) it) mk) cct) k)) */
0,"['complete', '[us]', 'release dates', ""episode', 'movie', 'episode', 'episode', 'episode"", '%DVD%', '%35%', '%S%', '1999']",187,0.5371055,/*+  SeqScan(mc) SeqScan(cn) SeqScan(cc) IndexScan(t title_pkey) SeqScan(kt) IndexScan(mi movie_id_movie_info) SeqScan(ct) SeqScan(it) IndexScan(mk movie_id_movie_keyword) SeqScan(cct) SeqScan(k) HashJoin(mc cn) HashJoin(mc cn cc) NestLoop(mc cn cc t) HashJoin(mc cn cc t kt) NestLoop(mc cn cc t kt mi) HashJoin(mc cn cc t kt mi ct) HashJoin(mc cn cc t kt mi ct it) NestLoop(mc cn cc t kt mi ct it mk) HashJoin(mc cn cc t kt mi ct it mk cct) HashJoin(mc cn cc t kt mi ct it mk cct k) Leading(((((((((((mc cn) cc) t) kt) mi) ct) it) mk) cct) k)) */
0,"['complete+verified', '[us]', 'release dates', ""movie', 'episode"", '%internet%', 'Japan:%201%', 'USA:%2008%', '2005']",187,0.53510875,/*+  SeqScan(mc) SeqScan(cn) SeqScan(cc) IndexScan(t title_pkey) SeqScan(kt) IndexScan(mi movie_id_movie_info) SeqScan(ct) SeqScan(it) IndexScan(mk movie_id_movie_keyword) SeqScan(cct) SeqScan(k) HashJoin(mc cn) HashJoin(mc cn cc) NestLoop(mc cn cc t) HashJoin(mc cn cc t kt) NestLoop(mc cn cc t kt mi) HashJoin(mc cn cc t kt mi ct) HashJoin(mc cn cc t kt mi ct it) NestLoop(mc cn cc t kt mi ct it mk) HashJoin(mc cn cc t kt mi ct it mk cct) HashJoin(mc cn cc t kt mi ct it mk cct k) Leading(((((((((((mc cn) cc) t) kt) mi) ct) it) mk) cct) k)) */
0,"['complete+verified', '[us]', 'release dates', ""episode', 'movie', 'episode', 'episode', 'movie"", '%premiere%', '%A%', '%scene%', '1984']",187,0.53759724,/*+  SeqScan(mc) SeqScan(cn) SeqScan(cc) IndexScan(t title_pkey) SeqScan(kt) IndexScan(mi movie_id_movie_info) SeqScan(ct) SeqScan(it) IndexScan(mk movie_id_movie_keyword) SeqScan(cct) SeqScan(k) HashJoin(mc cn) HashJoin(mc cn cc) NestLoop(mc cn cc t) HashJoin(mc cn cc t kt) NestLoop(mc cn cc t kt mi) HashJoin(mc cn cc t kt mi ct) HashJoin(mc cn cc t kt mi ct it) NestLoop(mc cn cc t kt mi ct it mk) HashJoin(mc cn cc t kt mi ct it mk cct) HashJoin(mc cn cc t kt mi ct it mk cct k) Leading(((((((((((mc cn) cc) t) kt) mi) ct) it) mk) cct) k)) */
0,"['complete+verified', '[us]', 'release dates', ""episode', 'episode', 'movie', 'episode', 'episode"", '%TV%', '%A%', '%r%', '2001']",187,0.5448012,/*+  SeqScan(mc) SeqScan(cn) SeqScan(cc) IndexScan(t title_pkey) SeqScan(kt) IndexScan(mi movie_id_movie_info) SeqScan(ct) SeqScan(it) IndexScan(mk movie_id_movie_keyword) SeqScan(cct) SeqScan(k) HashJoin(mc cn) HashJoin(mc cn cc) NestLoop(mc cn cc t) HashJoin(mc cn cc t kt) NestLoop(mc cn cc t kt mi) HashJoin(mc cn cc t kt mi ct) HashJoin(mc cn cc t kt mi ct it) NestLoop(mc cn cc t kt mi ct it mk) HashJoin(mc cn cc t kt mi ct it mk cct) HashJoin(mc cn cc t kt mi ct it mk cct k) Leading(((((((((((mc cn) cc) t) kt) mi) ct) it) mk) cct) k)) */
0,"['complete', '[us]', 'release dates', ""movie', 'episode"", '%internet%', 'USA:% 200%', 'USA:%200%', '2000']",187,0.53929585,/*+  SeqScan(mc) SeqScan(cn) SeqScan(cc) IndexScan(t title_pkey) SeqScan(kt) IndexScan(mi movie_id_movie_info) SeqScan(ct) SeqScan(it) IndexScan(mk movie_id_movie_keyword) SeqScan(cct) SeqScan(k) HashJoin(mc cn) HashJoin(mc cn cc) NestLoop(mc cn cc t) HashJoin(mc cn cc t kt) NestLoop(mc cn cc t kt mi) HashJoin(mc cn cc t kt mi ct) HashJoin(mc cn cc t kt mi ct it) NestLoop(mc cn cc t kt mi ct it mk) HashJoin(mc cn cc t kt mi ct it mk cct) HashJoin(mc cn cc t kt mi ct it mk cct k) Leading(((((((((((mc cn) cc) t) kt) mi) ct) it) mk) cct) k)) */
0,"['complete+verified', '[us]', 'release dates', ""movie', 'tv movie', 'video movie', 'video game"", '%internet%', 'USA:%201%', 'USA:% 199%', '1950']",187,0.5367734,/*+  SeqScan(mc) SeqScan(cn) SeqScan(cc) IndexScan(t title_pkey) SeqScan(kt) IndexScan(mi movie_id_movie_info) SeqScan(ct) SeqScan(it) IndexScan(mk movie_id_movie_keyword) SeqScan(cct) SeqScan(k) HashJoin(mc cn) HashJoin(mc cn cc) NestLoop(mc cn cc t) HashJoin(mc cn cc t kt) NestLoop(mc cn cc t kt mi) HashJoin(mc cn cc t kt mi ct) HashJoin(mc cn cc t kt mi ct it) NestLoop(mc cn cc t kt mi ct it mk) HashJoin(mc cn cc t kt mi ct it mk cct) HashJoin(mc cn cc t kt mi ct it mk cct k) Leading(((((((((((mc cn) cc) t) kt) mi) ct) it) mk) cct) k)) */
0,"['complete+verified', '[bh]', 'release dates', ""episode', 'episode', 'movie', 'movie', 'episode"", '%DVD%', '%1%', '%driving%', '1970']",187,0.5321065,/*+  SeqScan(mc) SeqScan(cn) SeqScan(cc) IndexScan(t title_pkey) SeqScan(kt) IndexScan(mi movie_id_movie_info) SeqScan(ct) SeqScan(it) IndexScan(mk movie_id_movie_keyword) SeqScan(cct) SeqScan(k) HashJoin(mc cn) HashJoin(mc cn cc) NestLoop(mc cn cc t) HashJoin(mc cn cc t kt) NestLoop(mc cn cc t kt mi) HashJoin(mc cn cc t kt mi ct) HashJoin(mc cn cc t kt mi ct it) NestLoop(mc cn cc t kt mi ct it mk) HashJoin(mc cn cc t kt mi ct it mk cct) HashJoin(mc cn cc t kt mi ct it mk cct k) Leading(((((((((((mc cn) cc) t) kt) mi) ct) it) mk) cct) k)) */
0,"['complete', '[us]', 'release dates', ""episode', 'episode', 'episode', 'episode', 'episode"", '%i%', '%37%', '%USA%', '1954']",187,0.5424225,/*+  SeqScan(mc) SeqScan(cn) SeqScan(cc) IndexScan(t title_pkey) SeqScan(kt) IndexScan(mi movie_id_movie_info) SeqScan(ct) SeqScan(it) IndexScan(mk movie_id_movie_keyword) SeqScan(cct) SeqScan(k) HashJoin(mc cn) HashJoin(mc cn cc) NestLoop(mc cn cc t) HashJoin(mc cn cc t kt) NestLoop(mc cn cc t kt mi) HashJoin(mc cn cc t kt mi ct) HashJoin(mc cn cc t kt mi ct it) NestLoop(mc cn cc t kt mi ct it mk) HashJoin(mc cn cc t kt mi ct it mk cct) HashJoin(mc cn cc t kt mi ct it mk cct k) Leading(((((((((((mc cn) cc) t) kt) mi) ct) it) mk) cct) k)) */
0,"['complete+verified', '[us]', 'release dates', ""movie', 'video movie', 'video movie', 'video movie', 'tv mini series"", '%t%', '%d%', '%u%', '1985']",187,0.53607935,/*+  SeqScan(mc) SeqScan(cn) SeqScan(cc) IndexScan(t title_pkey) SeqScan(kt) IndexScan(mi movie_id_movie_info) SeqScan(ct) SeqScan(it) IndexScan(mk movie_id_movie_keyword) SeqScan(cct) SeqScan(k) HashJoin(mc cn) HashJoin(mc cn cc) NestLoop(mc cn cc t) HashJoin(mc cn cc t kt) NestLoop(mc cn cc t kt mi) HashJoin(mc cn cc t kt mi ct) HashJoin(mc cn cc t kt mi ct it) NestLoop(mc cn cc t kt mi ct it mk) HashJoin(mc cn cc t kt mi ct it mk cct) HashJoin(mc cn cc t kt mi ct it mk cct k) Leading(((((((((((mc cn) cc) t) kt) mi) ct) it) mk) cct) k)) */
0,"['complete+verified', '[us]', 'certificates', ""movie', 'video game', 'tv series', 'movie', 'tv movie"", '%t%', '%:%', '%K%', '1962']",187,0.53774285,/*+  SeqScan(mc) SeqScan(cn) SeqScan(cc) IndexScan(t title_pkey) SeqScan(kt) IndexScan(mi movie_id_movie_info) SeqScan(ct) SeqScan(it) IndexScan(mk movie_id_movie_keyword) SeqScan(cct) SeqScan(k) HashJoin(mc cn) HashJoin(mc cn cc) NestLoop(mc cn cc t) HashJoin(mc cn cc t kt) NestLoop(mc cn cc t kt mi) HashJoin(mc cn cc t kt mi ct) HashJoin(mc cn cc t kt mi ct it) NestLoop(mc cn cc t kt mi ct it mk) HashJoin(mc cn cc t kt mi ct it mk cct) HashJoin(mc cn cc t kt mi ct it mk cct k) Leading(((((((((((mc cn) cc) t) kt) mi) ct) it) mk) cct) k)) */
0,"['complete', '[de]', 'release dates', ""episode', 'episode', 'episode', 'episode', 'episode"", '%New%', '%A%', '%r%', '1996']",187,0.5314246,/*+  SeqScan(mc) SeqScan(cn) SeqScan(cc) IndexScan(t title_pkey) SeqScan(kt) IndexScan(mi movie_id_movie_info) SeqScan(ct) SeqScan(it) IndexScan(mk movie_id_movie_keyword) SeqScan(cct) SeqScan(k) HashJoin(mc cn) HashJoin(mc cn cc) NestLoop(mc cn cc t) HashJoin(mc cn cc t kt) NestLoop(mc cn cc t kt mi) HashJoin(mc cn cc t kt mi ct) HashJoin(mc cn cc t kt mi ct it) NestLoop(mc cn cc t kt mi ct it mk) HashJoin(mc cn cc t kt mi ct it mk cct) HashJoin(mc cn cc t kt mi ct it mk cct k) Leading(((((((((((mc cn) cc) t) kt) mi) ct) it) mk) cct) k)) */
0,"['complete', '[se]', 'tech info', ""movie', 'tv movie', 'episode', 'video movie', 'tv mini series"", '%t%', '%&%', '%a%', '2006']",187,0.53764313,/*+  SeqScan(mc) SeqScan(cn) SeqScan(cc) IndexScan(t title_pkey) SeqScan(kt) IndexScan(mi movie_id_movie_info) SeqScan(ct) SeqScan(it) IndexScan(mk movie_id_movie_keyword) SeqScan(cct) SeqScan(k) HashJoin(mc cn) HashJoin(mc cn cc) NestLoop(mc cn cc t) HashJoin(mc cn cc t kt) NestLoop(mc cn cc t kt mi) HashJoin(mc cn cc t kt mi ct) HashJoin(mc cn cc t kt mi ct it) NestLoop(mc cn cc t kt mi ct it mk) HashJoin(mc cn cc t kt mi ct it mk cct) HashJoin(mc cn cc t kt mi ct it mk cct k) Leading(((((((((((mc cn) cc) t) kt) mi) ct) it) mk) cct) k)) */
0,"['complete', '[us]', 'release dates', ""movie', 'episode"", '%internet%', 'USA:% 200%', 'USA:%200%', '2000']",187,0.53929585,/*+  SeqScan(mc) SeqScan(cn) SeqScan(cc) IndexScan(t title_pkey) SeqScan(kt) IndexScan(mi movie_id_movie_info) SeqScan(ct) SeqScan(it) IndexScan(mk movie_id_movie_keyword) SeqScan(cct) SeqScan(k) HashJoin(mc cn) HashJoin(mc cn cc) NestLoop(mc cn cc t) HashJoin(mc cn cc t kt) NestLoop(mc cn cc t kt mi) HashJoin(mc cn cc t kt mi ct) HashJoin(mc cn cc t kt mi ct it) NestLoop(mc cn cc t kt mi ct it mk) HashJoin(mc cn cc t kt mi ct it mk cct) HashJoin(mc cn cc t kt mi ct it mk cct k) Leading(((((((((((mc cn) cc) t) kt) mi) ct) it) mk) cct) k)) */
0,"['complete', '[us]', 'release dates', 'movie', '%internet%', 'USA:% 200%', 'USA:%200%', '2000']",187,0.5442291,/*+  SeqScan(mc) SeqScan(cn) SeqScan(cc) IndexScan(t title_pkey) SeqScan(kt) IndexScan(mi movie_id_movie_info) SeqScan(ct) SeqScan(it) IndexScan(mk movie_id_movie_keyword) SeqScan(cct) SeqScan(k) HashJoin(mc cn) HashJoin(mc cn cc) NestLoop(mc cn cc t) HashJoin(mc cn cc t kt) NestLoop(mc cn cc t kt mi) HashJoin(mc cn cc t kt mi ct) HashJoin(mc cn cc t kt mi ct it) NestLoop(mc cn cc t kt mi ct it mk) HashJoin(mc cn cc t kt mi ct it mk cct) HashJoin(mc cn cc t kt mi ct it mk cct k) Leading(((((((((((mc cn) cc) t) kt) mi) ct) it) mk) cct) k)) */
0,"['complete+verified', '[us]', 'release dates', ""movie', 'tv movie', 'video movie', 'video game"", '%internet%', 'USA:% 200%', 'USA:%2008%', '2000']",187,0.5345659,/*+  SeqScan(mc) SeqScan(cn) SeqScan(cc) IndexScan(t title_pkey) SeqScan(kt) IndexScan(mi movie_id_movie_info) SeqScan(ct) SeqScan(it) IndexScan(mk movie_id_movie_keyword) SeqScan(cct) SeqScan(k) HashJoin(mc cn) HashJoin(mc cn cc) NestLoop(mc cn cc t) HashJoin(mc cn cc t kt) NestLoop(mc cn cc t kt mi) HashJoin(mc cn cc t kt mi ct) HashJoin(mc cn cc t kt mi ct it) NestLoop(mc cn cc t kt mi ct it mk) HashJoin(mc cn cc t kt mi ct it mk cct) HashJoin(mc cn cc t kt mi ct it mk cct k) Leading(((((((((((mc cn) cc) t) kt) mi) ct) it) mk) cct) k)) */
0,"['complete+verified', '[us]', 'certificates', ""movie', 'tv mini series', 'movie', 'tv mini series', 'video game"", '%t%', '%G%', '%K%', '1962']",187,0.54414,/*+  SeqScan(mc) SeqScan(cn) SeqScan(cc) IndexScan(t title_pkey) SeqScan(kt) IndexScan(mi movie_id_movie_info) SeqScan(ct) SeqScan(it) IndexScan(mk movie_id_movie_keyword) SeqScan(cct) SeqScan(k) HashJoin(mc cn) HashJoin(mc cn cc) NestLoop(mc cn cc t) HashJoin(mc cn cc t kt) NestLoop(mc cn cc t kt mi) HashJoin(mc cn cc t kt mi ct) HashJoin(mc cn cc t kt mi ct it) NestLoop(mc cn cc t kt mi ct it mk) HashJoin(mc cn cc t kt mi ct it mk cct) HashJoin(mc cn cc t kt mi ct it mk cct k) Leading(((((((((((mc cn) cc) t) kt) mi) ct) it) mk) cct) k)) */
0,"['complete+verified', '[gb]', 'release dates', ""episode', 'episode', 'movie', 'episode', 'episode"", '%Film%', '%C%', '%RAT%', '1978']",187,0.53039217,/*+  SeqScan(mc) SeqScan(cn) SeqScan(cc) IndexScan(t title_pkey) SeqScan(kt) IndexScan(mi movie_id_movie_info) SeqScan(ct) SeqScan(it) IndexScan(mk movie_id_movie_keyword) SeqScan(cct) SeqScan(k) HashJoin(mc cn) HashJoin(mc cn cc) NestLoop(mc cn cc t) HashJoin(mc cn cc t kt) NestLoop(mc cn cc t kt mi) HashJoin(mc cn cc t kt mi ct) HashJoin(mc cn cc t kt mi ct it) NestLoop(mc cn cc t kt mi ct it mk) HashJoin(mc cn cc t kt mi ct it mk cct) HashJoin(mc cn cc t kt mi ct it mk cct k) Leading(((((((((((mc cn) cc) t) kt) mi) ct) it) mk) cct) k)) */
0,"['complete+verified', '[de]', 'release dates', ""movie', 'movie', 'episode', 'episode', 'movie"", '%DVD%', '%54%', '%a%', '2001']",187,0.53452396,/*+  SeqScan(mc) SeqScan(cn) SeqScan(cc) IndexScan(t title_pkey) SeqScan(kt) IndexScan(mi movie_id_movie_info) SeqScan(ct) SeqScan(it) IndexScan(mk movie_id_movie_keyword) SeqScan(cct) SeqScan(k) HashJoin(mc cn) HashJoin(mc cn cc) NestLoop(mc cn cc t) HashJoin(mc cn cc t kt) NestLoop(mc cn cc t kt mi) HashJoin(mc cn cc t kt mi ct) HashJoin(mc cn cc t kt mi ct it) NestLoop(mc cn cc t kt mi ct it mk) HashJoin(mc cn cc t kt mi ct it mk cct) HashJoin(mc cn cc t kt mi ct it mk cct k) Leading(((((((((((mc cn) cc) t) kt) mi) ct) it) mk) cct) k)) */
0,"['complete', '[kh]', 'release dates', ""episode', 'episode', 'episode', 'episode', 'movie"", '%o%', '%l%', '%o%', '1894']",187,0.5421525,/*+  SeqScan(mc) SeqScan(cn) SeqScan(cc) IndexScan(t title_pkey) SeqScan(kt) IndexScan(mi movie_id_movie_info) SeqScan(ct) SeqScan(it) IndexScan(mk movie_id_movie_keyword) SeqScan(cct) SeqScan(k) HashJoin(mc cn) HashJoin(mc cn cc) NestLoop(mc cn cc t) HashJoin(mc cn cc t kt) NestLoop(mc cn cc t kt mi) HashJoin(mc cn cc t kt mi ct) HashJoin(mc cn cc t kt mi ct it) NestLoop(mc cn cc t kt mi ct it mk) HashJoin(mc cn cc t kt mi ct it mk cct) HashJoin(mc cn cc t kt mi ct it mk cct k) Leading(((((((((((mc cn) cc) t) kt) mi) ct) it) mk) cct) k)) */
0,"['complete+verified', '[us]', 'release dates', ""movie', 'episode', 'movie', 'episode', 'movie"", '%DVD%', '%g%', '%o%', '2000']",187,0.51615834,/*+  SeqScan(mc) SeqScan(cn) SeqScan(cc) IndexScan(t title_pkey) SeqScan(kt) IndexScan(mi movie_id_movie_info) SeqScan(ct) SeqScan(it) IndexScan(mk movie_id_movie_keyword) SeqScan(cct) SeqScan(k) HashJoin(mc cn) HashJoin(mc cn cc) NestLoop(mc cn cc t) HashJoin(mc cn cc t kt) NestLoop(mc cn cc t kt mi) HashJoin(mc cn cc t kt mi ct) HashJoin(mc cn cc t kt mi ct it) NestLoop(mc cn cc t kt mi ct it mk) HashJoin(mc cn cc t kt mi ct it mk cct) HashJoin(mc cn cc t kt mi ct it mk cct k) Leading(((((((((((mc cn) cc) t) kt) mi) ct) it) mk) cct) k)) */
0,"['complete+verified', '[us]', 'certificates', ""movie', 'tv series', 'tv mini series', 'episode', 'video game"", '%r%', '%F%', '%F%', '2003']",187,0.540289,/*+  SeqScan(mc) SeqScan(cn) SeqScan(cc) IndexScan(t title_pkey) SeqScan(kt) IndexScan(mi movie_id_movie_info) SeqScan(ct) SeqScan(it) IndexScan(mk movie_id_movie_keyword) SeqScan(cct) SeqScan(k) HashJoin(mc cn) HashJoin(mc cn cc) NestLoop(mc cn cc t) HashJoin(mc cn cc t kt) NestLoop(mc cn cc t kt mi) HashJoin(mc cn cc t kt mi ct) HashJoin(mc cn cc t kt mi ct it) NestLoop(mc cn cc t kt mi ct it mk) HashJoin(mc cn cc t kt mi ct it mk cct) HashJoin(mc cn cc t kt mi ct it mk cct k) Leading(((((((((((mc cn) cc) t) kt) mi) ct) it) mk) cct) k)) */
0,"['complete', '[fi]', 'plot', ""movie', 'video movie', 'video game', 'video game', 'tv mini series"", '%>%', '%s%', '%r%', '1977']",187,0.5413152,/*+  SeqScan(mc) SeqScan(cn) SeqScan(cc) IndexScan(t title_pkey) SeqScan(kt) IndexScan(mi movie_id_movie_info) SeqScan(ct) SeqScan(it) IndexScan(mk movie_id_movie_keyword) SeqScan(cct) SeqScan(k) HashJoin(mc cn) HashJoin(mc cn cc) NestLoop(mc cn cc t) HashJoin(mc cn cc t kt) NestLoop(mc cn cc t kt mi) HashJoin(mc cn cc t kt mi ct) HashJoin(mc cn cc t kt mi ct it) NestLoop(mc cn cc t kt mi ct it mk) HashJoin(mc cn cc t kt mi ct it mk cct) HashJoin(mc cn cc t kt mi ct it mk cct k) Leading(((((((((((mc cn) cc) t) kt) mi) ct) it) mk) cct) k)) */
0,"['complete', '[us]', 'release dates', ""movie', 'episode"", '%internet%', 'USA:% 200%', 'USA:%200%', '2000']",187,0.53929585,/*+  SeqScan(mc) SeqScan(cn) SeqScan(cc) IndexScan(t title_pkey) SeqScan(kt) IndexScan(mi movie_id_movie_info) SeqScan(ct) SeqScan(it) IndexScan(mk movie_id_movie_keyword) SeqScan(cct) SeqScan(k) HashJoin(mc cn) HashJoin(mc cn cc) NestLoop(mc cn cc t) HashJoin(mc cn cc t kt) NestLoop(mc cn cc t kt mi) HashJoin(mc cn cc t kt mi ct) HashJoin(mc cn cc t kt mi ct it) NestLoop(mc cn cc t kt mi ct it mk) HashJoin(mc cn cc t kt mi ct it mk cct) HashJoin(mc cn cc t kt mi ct it mk cct k) Leading(((((((((((mc cn) cc) t) kt) mi) ct) it) mk) cct) k)) */
0,"['complete+verified', '[fr]', 'release dates', ""episode', 'episode', 'episode', 'episode', 'movie"", '%premiere%', '%o%', '%RAT%', '1967']",187,0.5334995,/*+  SeqScan(mc) SeqScan(cn) SeqScan(cc) IndexScan(t title_pkey) SeqScan(kt) IndexScan(mi movie_id_movie_info) SeqScan(ct) SeqScan(it) IndexScan(mk movie_id_movie_keyword) SeqScan(cct) SeqScan(k) HashJoin(mc cn) HashJoin(mc cn cc) NestLoop(mc cn cc t) HashJoin(mc cn cc t kt) NestLoop(mc cn cc t kt mi) HashJoin(mc cn cc t kt mi ct) HashJoin(mc cn cc t kt mi ct it) NestLoop(mc cn cc t kt mi ct it mk) HashJoin(mc cn cc t kt mi ct it mk cct) HashJoin(mc cn cc t kt mi ct it mk cct k) Leading(((((((((((mc cn) cc) t) kt) mi) ct) it) mk) cct) k)) */
0,"['complete+verified', '[us]', 'release dates', 'movie', '%internet%', 'USA:%2008%', 'Japan:%2007%', '2000']",187,0.54460365,/*+  SeqScan(mc) SeqScan(cn) SeqScan(cc) IndexScan(t title_pkey) SeqScan(kt) IndexScan(mi movie_id_movie_info) SeqScan(ct) SeqScan(it) IndexScan(mk movie_id_movie_keyword) SeqScan(cct) SeqScan(k) HashJoin(mc cn) HashJoin(mc cn cc) NestLoop(mc cn cc t) HashJoin(mc cn cc t kt) NestLoop(mc cn cc t kt mi) HashJoin(mc cn cc t kt mi ct) HashJoin(mc cn cc t kt mi ct it) NestLoop(mc cn cc t kt mi ct it mk) HashJoin(mc cn cc t kt mi ct it mk cct) HashJoin(mc cn cc t kt mi ct it mk cct k) Leading(((((((((((mc cn) cc) t) kt) mi) ct) it) mk) cct) k)) */
0,"['complete+verified', '[us]', 'release dates', ""movie', 'episode"", '%internet%', 'Japan:%201%', 'USA:% 200%', '2000']",187,0.5345659,/*+  SeqScan(mc) SeqScan(cn) SeqScan(cc) IndexScan(t title_pkey) SeqScan(kt) IndexScan(mi movie_id_movie_info) SeqScan(ct) SeqScan(it) IndexScan(mk movie_id_movie_keyword) SeqScan(cct) SeqScan(k) HashJoin(mc cn) HashJoin(mc cn cc) NestLoop(mc cn cc t) HashJoin(mc cn cc t kt) NestLoop(mc cn cc t kt mi) HashJoin(mc cn cc t kt mi ct) HashJoin(mc cn cc t kt mi ct it) NestLoop(mc cn cc t kt mi ct it mk) HashJoin(mc cn cc t kt mi ct it mk cct) HashJoin(mc cn cc t kt mi ct it mk cct k) Leading(((((((((((mc cn) cc) t) kt) mi) ct) it) mk) cct) k)) */
0,"['complete+verified', '[us]', 'release dates', ""movie', 'episode"", '%internet%', 'Japan:%200%', 'USA:%200%', '2000']",187,0.5345659,/*+  SeqScan(mc) SeqScan(cn) SeqScan(cc) IndexScan(t title_pkey) SeqScan(kt) IndexScan(mi movie_id_movie_info) SeqScan(ct) SeqScan(it) IndexScan(mk movie_id_movie_keyword) SeqScan(cct) SeqScan(k) HashJoin(mc cn) HashJoin(mc cn cc) NestLoop(mc cn cc t) HashJoin(mc cn cc t kt) NestLoop(mc cn cc t kt mi) HashJoin(mc cn cc t kt mi ct) HashJoin(mc cn cc t kt mi ct it) NestLoop(mc cn cc t kt mi ct it mk) HashJoin(mc cn cc t kt mi ct it mk cct) HashJoin(mc cn cc t kt mi ct it mk cct k) Leading(((((((((((mc cn) cc) t) kt) mi) ct) it) mk) cct) k)) */
0,"['complete', '[us]', 'release dates', ""movie', 'episode"", '%internet%', 'USA:% 200%', 'USA:%2008%', '2000']",187,0.53929585,/*+  SeqScan(mc) SeqScan(cn) SeqScan(cc) IndexScan(t title_pkey) SeqScan(kt) IndexScan(mi movie_id_movie_info) SeqScan(ct) SeqScan(it) IndexScan(mk movie_id_movie_keyword) SeqScan(cct) SeqScan(k) HashJoin(mc cn) HashJoin(mc cn cc) NestLoop(mc cn cc t) HashJoin(mc cn cc t kt) NestLoop(mc cn cc t kt mi) HashJoin(mc cn cc t kt mi ct) HashJoin(mc cn cc t kt mi ct it) NestLoop(mc cn cc t kt mi ct it mk) HashJoin(mc cn cc t kt mi ct it mk cct) HashJoin(mc cn cc t kt mi ct it mk cct k) Leading(((((((((((mc cn) cc) t) kt) mi) ct) it) mk) cct) k)) */
0,"['complete+verified', '[it]', 'locations', ""movie', 'movie', 'movie', 'movie', 'movie"", '%l%', '%a%', '%a%', '2000']",187,0.52018017,/*+  SeqScan(mc) SeqScan(cn) SeqScan(cc) IndexScan(t title_pkey) SeqScan(kt) IndexScan(mi movie_id_movie_info) SeqScan(ct) SeqScan(it) IndexScan(mk movie_id_movie_keyword) SeqScan(cct) SeqScan(k) HashJoin(mc cn) HashJoin(mc cn cc) NestLoop(mc cn cc t) HashJoin(mc cn cc t kt) NestLoop(mc cn cc t kt mi) HashJoin(mc cn cc t kt mi ct) HashJoin(mc cn cc t kt mi ct it) NestLoop(mc cn cc t kt mi ct it mk) HashJoin(mc cn cc t kt mi ct it mk cct) HashJoin(mc cn cc t kt mi ct it mk cct k) Leading(((((((((((mc cn) cc) t) kt) mi) ct) it) mk) cct) k)) */
0,"['complete', '[fr]', 'release dates', ""episode', 'episode', 'episode', 'episode', 'episode"", '%as%', '%K%', '%to%', '1991']",187,0.54140484,/*+  SeqScan(mc) SeqScan(cn) SeqScan(cc) IndexScan(t title_pkey) SeqScan(kt) IndexScan(mi movie_id_movie_info) SeqScan(ct) SeqScan(it) IndexScan(mk movie_id_movie_keyword) SeqScan(cct) SeqScan(k) HashJoin(mc cn) HashJoin(mc cn cc) NestLoop(mc cn cc t) HashJoin(mc cn cc t kt) NestLoop(mc cn cc t kt mi) HashJoin(mc cn cc t kt mi ct) HashJoin(mc cn cc t kt mi ct it) NestLoop(mc cn cc t kt mi ct it mk) HashJoin(mc cn cc t kt mi ct it mk cct) HashJoin(mc cn cc t kt mi ct it mk cct k) Leading(((((((((((mc cn) cc) t) kt) mi) ct) it) mk) cct) k)) */
0,"['complete+verified', '[us]', 'release dates', 'movie', '%internet%', 'USA:% 199%', 'USA:% 200%', '2000']",187,0.54460365,/*+  SeqScan(mc) SeqScan(cn) SeqScan(cc) IndexScan(t title_pkey) SeqScan(kt) IndexScan(mi movie_id_movie_info) SeqScan(ct) SeqScan(it) IndexScan(mk movie_id_movie_keyword) SeqScan(cct) SeqScan(k) HashJoin(mc cn) HashJoin(mc cn cc) NestLoop(mc cn cc t) HashJoin(mc cn cc t kt) NestLoop(mc cn cc t kt mi) HashJoin(mc cn cc t kt mi ct) HashJoin(mc cn cc t kt mi ct it) NestLoop(mc cn cc t kt mi ct it mk) HashJoin(mc cn cc t kt mi ct it mk cct) HashJoin(mc cn cc t kt mi ct it mk cct k) Leading(((((((((((mc cn) cc) t) kt) mi) ct) it) mk) cct) k)) */
0,"['complete+verified', '[us]', 'release dates', ""movie', 'movie', 'movie', 'movie', 'episode"", '%Film%', '%M%', '%35%', '1989']",187,0.53259414,/*+  SeqScan(mc) SeqScan(cn) SeqScan(cc) IndexScan(t title_pkey) SeqScan(kt) IndexScan(mi movie_id_movie_info) SeqScan(ct) SeqScan(it) IndexScan(mk movie_id_movie_keyword) SeqScan(cct) SeqScan(k) HashJoin(mc cn) HashJoin(mc cn cc) NestLoop(mc cn cc t) HashJoin(mc cn cc t kt) NestLoop(mc cn cc t kt mi) HashJoin(mc cn cc t kt mi ct) HashJoin(mc cn cc t kt mi ct it) NestLoop(mc cn cc t kt mi ct it mk) HashJoin(mc cn cc t kt mi ct it mk cct) HashJoin(mc cn cc t kt mi ct it mk cct k) Leading(((((((((((mc cn) cc) t) kt) mi) ct) it) mk) cct) k)) */
0,"['complete', '[us]', 'release dates', ""movie', 'tv series', 'video movie', 'movie', 'episode"", '%e%', '%:%', '%9%', '1943']",187,0.54131126,/*+  SeqScan(mc) SeqScan(cn) SeqScan(cc) IndexScan(t title_pkey) SeqScan(kt) IndexScan(mi movie_id_movie_info) SeqScan(ct) SeqScan(it) IndexScan(mk movie_id_movie_keyword) SeqScan(cct) SeqScan(k) HashJoin(mc cn) HashJoin(mc cn cc) NestLoop(mc cn cc t) HashJoin(mc cn cc t kt) NestLoop(mc cn cc t kt mi) HashJoin(mc cn cc t kt mi ct) HashJoin(mc cn cc t kt mi ct it) NestLoop(mc cn cc t kt mi ct it mk) HashJoin(mc cn cc t kt mi ct it mk cct) HashJoin(mc cn cc t kt mi ct it mk cct k) Leading(((((((((((mc cn) cc) t) kt) mi) ct) it) mk) cct) k)) */
0,"['complete', '[us]', 'release dates', ""movie', 'episode"", '%internet%', 'USA:%200%', 'USA:% 200%', '2000']",187,0.53929585,/*+  SeqScan(mc) SeqScan(cn) SeqScan(cc) IndexScan(t title_pkey) SeqScan(kt) IndexScan(mi movie_id_movie_info) SeqScan(ct) SeqScan(it) IndexScan(mk movie_id_movie_keyword) SeqScan(cct) SeqScan(k) HashJoin(mc cn) HashJoin(mc cn cc) NestLoop(mc cn cc t) HashJoin(mc cn cc t kt) NestLoop(mc cn cc t kt mi) HashJoin(mc cn cc t kt mi ct) HashJoin(mc cn cc t kt mi ct it) NestLoop(mc cn cc t kt mi ct it mk) HashJoin(mc cn cc t kt mi ct it mk cct) HashJoin(mc cn cc t kt mi ct it mk cct k) Leading(((((((((((mc cn) cc) t) kt) mi) ct) it) mk) cct) k)) */
0,"['complete+verified', '[us]', 'release dates', ""episode', 'episode', 'episode', 'episode', 'episode"", '%City%', '%1%', '%o%', '2003']",187,0.52975965,/*+  SeqScan(mc) SeqScan(cn) SeqScan(cc) IndexScan(t title_pkey) SeqScan(kt) IndexScan(mi movie_id_movie_info) SeqScan(ct) SeqScan(it) IndexScan(mk movie_id_movie_keyword) SeqScan(cct) SeqScan(k) HashJoin(mc cn) HashJoin(mc cn cc) NestLoop(mc cn cc t) HashJoin(mc cn cc t kt) NestLoop(mc cn cc t kt mi) HashJoin(mc cn cc t kt mi ct) HashJoin(mc cn cc t kt mi ct it) NestLoop(mc cn cc t kt mi ct it mk) HashJoin(mc cn cc t kt mi ct it mk cct) HashJoin(mc cn cc t kt mi ct it mk cct k) Leading(((((((((((mc cn) cc) t) kt) mi) ct) it) mk) cct) k)) */
0,"['complete+verified', '[us]', 'certificates', ""movie', 'episode', 'video game', 'video game', 'tv movie"", '%a%', '%n%', '%:%', '1939']",187,0.52775705,/*+  SeqScan(mc) SeqScan(cn) SeqScan(cc) IndexScan(t title_pkey) SeqScan(kt) IndexScan(mi movie_id_movie_info) SeqScan(ct) SeqScan(it) IndexScan(mk movie_id_movie_keyword) SeqScan(cct) SeqScan(k) HashJoin(mc cn) HashJoin(mc cn cc) NestLoop(mc cn cc t) HashJoin(mc cn cc t kt) NestLoop(mc cn cc t kt mi) HashJoin(mc cn cc t kt mi ct) HashJoin(mc cn cc t kt mi ct it) NestLoop(mc cn cc t kt mi ct it mk) HashJoin(mc cn cc t kt mi ct it mk cct) HashJoin(mc cn cc t kt mi ct it mk cct k) Leading(((((((((((mc cn) cc) t) kt) mi) ct) it) mk) cct) k)) */
0,"['complete+verified', '[fr]', 'release dates', ""movie', 'movie', 'tv movie', 'video game', 'movie"", '%t%', '%i%', '%K%', '2009']",187,0.519565,/*+  SeqScan(mc) SeqScan(cn) SeqScan(cc) IndexScan(t title_pkey) SeqScan(kt) IndexScan(mi movie_id_movie_info) SeqScan(ct) SeqScan(it) IndexScan(mk movie_id_movie_keyword) SeqScan(cct) SeqScan(k) HashJoin(mc cn) HashJoin(mc cn cc) NestLoop(mc cn cc t) HashJoin(mc cn cc t kt) NestLoop(mc cn cc t kt mi) HashJoin(mc cn cc t kt mi ct) HashJoin(mc cn cc t kt mi ct it) NestLoop(mc cn cc t kt mi ct it mk) HashJoin(mc cn cc t kt mi ct it mk cct) HashJoin(mc cn cc t kt mi ct it mk cct k) Leading(((((((((((mc cn) cc) t) kt) mi) ct) it) mk) cct) k)) */
0,"['complete', '[fr]', 'release dates', ""episode', 'episode', 'episode', 'episode', 'episode"", '%l%', '%35%', '%S%', '2000']",187,0.5427007,/*+  SeqScan(mc) SeqScan(cn) SeqScan(cc) IndexScan(t title_pkey) SeqScan(kt) IndexScan(mi movie_id_movie_info) SeqScan(ct) SeqScan(it) IndexScan(mk movie_id_movie_keyword) SeqScan(cct) SeqScan(k) HashJoin(mc cn) HashJoin(mc cn cc) NestLoop(mc cn cc t) HashJoin(mc cn cc t kt) NestLoop(mc cn cc t kt mi) HashJoin(mc cn cc t kt mi ct) HashJoin(mc cn cc t kt mi ct it) NestLoop(mc cn cc t kt mi ct it mk) HashJoin(mc cn cc t kt mi ct it mk cct) HashJoin(mc cn cc t kt mi ct it mk cct k) Leading(((((((((((mc cn) cc) t) kt) mi) ct) it) mk) cct) k)) */
0,"['complete', '[de]', 'release dates', ""episode', 'episode', 'episode', 'episode', 'episode"", '%1%', '%S%', '%o%', '2003']",187,0.5258789,/*+  SeqScan(mc) SeqScan(cn) SeqScan(cc) IndexScan(t title_pkey) SeqScan(kt) IndexScan(mi movie_id_movie_info) SeqScan(ct) SeqScan(it) IndexScan(mk movie_id_movie_keyword) SeqScan(cct) SeqScan(k) HashJoin(mc cn) HashJoin(mc cn cc) NestLoop(mc cn cc t) HashJoin(mc cn cc t kt) NestLoop(mc cn cc t kt mi) HashJoin(mc cn cc t kt mi ct) HashJoin(mc cn cc t kt mi ct it) NestLoop(mc cn cc t kt mi ct it mk) HashJoin(mc cn cc t kt mi ct it mk cct) HashJoin(mc cn cc t kt mi ct it mk cct k) Leading(((((((((((mc cn) cc) t) kt) mi) ct) it) mk) cct) k)) */
0,"['complete+verified', '[gr]', 'certificates', ""movie', 'episode', 'video movie', 'episode', 'video movie"", '%2%', '%S%', '%:%', '2007']",187,0.53332597,/*+  SeqScan(mc) SeqScan(cn) SeqScan(cc) IndexScan(t title_pkey) SeqScan(kt) IndexScan(mi movie_id_movie_info) SeqScan(ct) SeqScan(it) IndexScan(mk movie_id_movie_keyword) SeqScan(cct) SeqScan(k) HashJoin(mc cn) HashJoin(mc cn cc) NestLoop(mc cn cc t) HashJoin(mc cn cc t kt) NestLoop(mc cn cc t kt mi) HashJoin(mc cn cc t kt mi ct) HashJoin(mc cn cc t kt mi ct it) NestLoop(mc cn cc t kt mi ct it mk) HashJoin(mc cn cc t kt mi ct it mk cct) HashJoin(mc cn cc t kt mi ct it mk cct k) Leading(((((((((((mc cn) cc) t) kt) mi) ct) it) mk) cct) k)) */
0,"['complete+verified', '[us]', 'release dates', ""episode', 'episode', 'episode', 'episode', 'episode"", '%D%', '%PFM%', '%and%', '1949']",187,0.5373983,/*+  SeqScan(mc) SeqScan(cn) SeqScan(cc) IndexScan(t title_pkey) SeqScan(kt) IndexScan(mi movie_id_movie_info) SeqScan(ct) SeqScan(it) IndexScan(mk movie_id_movie_keyword) SeqScan(cct) SeqScan(k) HashJoin(mc cn) HashJoin(mc cn cc) NestLoop(mc cn cc t) HashJoin(mc cn cc t kt) NestLoop(mc cn cc t kt mi) HashJoin(mc cn cc t kt mi ct) HashJoin(mc cn cc t kt mi ct it) NestLoop(mc cn cc t kt mi ct it mk) HashJoin(mc cn cc t kt mi ct it mk cct) HashJoin(mc cn cc t kt mi ct it mk cct k) Leading(((((((((((mc cn) cc) t) kt) mi) ct) it) mk) cct) k)) */
0,"['complete', '[de]', 'release dates', ""episode', 'episode', 'episode', 'episode', 'episode"", '%t%', '%U%', '%h%', '1996']",187,0.53099144,/*+  SeqScan(mc) SeqScan(cn) SeqScan(cc) IndexScan(t title_pkey) SeqScan(kt) IndexScan(mi movie_id_movie_info) SeqScan(ct) SeqScan(it) IndexScan(mk movie_id_movie_keyword) SeqScan(cct) SeqScan(k) HashJoin(mc cn) HashJoin(mc cn cc) NestLoop(mc cn cc t) HashJoin(mc cn cc t kt) NestLoop(mc cn cc t kt mi) HashJoin(mc cn cc t kt mi ct) HashJoin(mc cn cc t kt mi ct it) NestLoop(mc cn cc t kt mi ct it mk) HashJoin(mc cn cc t kt mi ct it mk cct) HashJoin(mc cn cc t kt mi ct it mk cct k) Leading(((((((((((mc cn) cc) t) kt) mi) ct) it) mk) cct) k)) */
0,"['complete', '[fr]', 'release dates', ""episode', 'episode', 'episode', 'episode', 'episode"", '%n%', '%S%', '%r%', '2007']",187,0.5279561,/*+  SeqScan(mc) SeqScan(cn) SeqScan(cc) IndexScan(t title_pkey) SeqScan(kt) IndexScan(mi movie_id_movie_info) SeqScan(ct) SeqScan(it) IndexScan(mk movie_id_movie_keyword) SeqScan(cct) SeqScan(k) HashJoin(mc cn) HashJoin(mc cn cc) NestLoop(mc cn cc t) HashJoin(mc cn cc t kt) NestLoop(mc cn cc t kt mi) HashJoin(mc cn cc t kt mi ct) HashJoin(mc cn cc t kt mi ct it) NestLoop(mc cn cc t kt mi ct it mk) HashJoin(mc cn cc t kt mi ct it mk cct) HashJoin(mc cn cc t kt mi ct it mk cct k) Leading(((((((((((mc cn) cc) t) kt) mi) ct) it) mk) cct) k)) */
0,"['complete+verified', '[fr]', 'release dates', ""movie', 'tv series', 'tv mini series', 'tv mini series', 'tv series"", '%r%', '%0%', '%u%', '1989']",187,0.52632195,/*+  SeqScan(mc) SeqScan(cn) SeqScan(cc) IndexScan(t title_pkey) SeqScan(kt) IndexScan(mi movie_id_movie_info) SeqScan(ct) SeqScan(it) IndexScan(mk movie_id_movie_keyword) SeqScan(cct) SeqScan(k) HashJoin(mc cn) HashJoin(mc cn cc) NestLoop(mc cn cc t) HashJoin(mc cn cc t kt) NestLoop(mc cn cc t kt mi) HashJoin(mc cn cc t kt mi ct) HashJoin(mc cn cc t kt mi ct it) NestLoop(mc cn cc t kt mi ct it mk) HashJoin(mc cn cc t kt mi ct it mk cct) HashJoin(mc cn cc t kt mi ct it mk cct k) Leading(((((((((((mc cn) cc) t) kt) mi) ct) it) mk) cct) k)) */
0,"['complete+verified', '[us]', 'locations', ""movie', 'tv movie', 'episode', 'video game', 'video game"", '%o%', '%o%', '%d%', '1990']",187,0.5382561,/*+  SeqScan(mc) SeqScan(cn) SeqScan(cc) IndexScan(t title_pkey) SeqScan(kt) IndexScan(mi movie_id_movie_info) SeqScan(ct) SeqScan(it) IndexScan(mk movie_id_movie_keyword) SeqScan(cct) SeqScan(k) HashJoin(mc cn) HashJoin(mc cn cc) NestLoop(mc cn cc t) HashJoin(mc cn cc t kt) NestLoop(mc cn cc t kt mi) HashJoin(mc cn cc t kt mi ct) HashJoin(mc cn cc t kt mi ct it) NestLoop(mc cn cc t kt mi ct it mk) HashJoin(mc cn cc t kt mi ct it mk cct) HashJoin(mc cn cc t kt mi ct it mk cct k) Leading(((((((((((mc cn) cc) t) kt) mi) ct) it) mk) cct) k)) */
0,"['complete+verified', '[us]', 'release dates', ""movie', 'episode"", '%internet%', 'USA:%2008%', 'Japan:%200%', '2005']",187,0.53510875,/*+  SeqScan(mc) SeqScan(cn) SeqScan(cc) IndexScan(t title_pkey) SeqScan(kt) IndexScan(mi movie_id_movie_info) SeqScan(ct) SeqScan(it) IndexScan(mk movie_id_movie_keyword) SeqScan(cct) SeqScan(k) HashJoin(mc cn) HashJoin(mc cn cc) NestLoop(mc cn cc t) HashJoin(mc cn cc t kt) NestLoop(mc cn cc t kt mi) HashJoin(mc cn cc t kt mi ct) HashJoin(mc cn cc t kt mi ct it) NestLoop(mc cn cc t kt mi ct it mk) HashJoin(mc cn cc t kt mi ct it mk cct) HashJoin(mc cn cc t kt mi ct it mk cct k) Leading(((((((((((mc cn) cc) t) kt) mi) ct) it) mk) cct) k)) */
0,"['complete', '[fr]', 'release dates', ""episode', 'episode', 'episode', 'movie', 'episode"", '%i%', '%o%', '%U%', '1979']",187,0.53095466,/*+  SeqScan(mc) SeqScan(cn) SeqScan(cc) IndexScan(t title_pkey) SeqScan(kt) IndexScan(mi movie_id_movie_info) SeqScan(ct) SeqScan(it) IndexScan(mk movie_id_movie_keyword) SeqScan(cct) SeqScan(k) HashJoin(mc cn) HashJoin(mc cn cc) NestLoop(mc cn cc t) HashJoin(mc cn cc t kt) NestLoop(mc cn cc t kt mi) HashJoin(mc cn cc t kt mi ct) HashJoin(mc cn cc t kt mi ct it) NestLoop(mc cn cc t kt mi ct it mk) HashJoin(mc cn cc t kt mi ct it mk cct) HashJoin(mc cn cc t kt mi ct it mk cct k) Leading(((((((((((mc cn) cc) t) kt) mi) ct) it) mk) cct) k)) */
0,"['complete', '[us]', 'release dates', ""movie', 'episode"", '%internet%', 'USA:% 199%', 'USA:%200%', '2000']",187,0.53929585,/*+  SeqScan(mc) SeqScan(cn) SeqScan(cc) IndexScan(t title_pkey) SeqScan(kt) IndexScan(mi movie_id_movie_info) SeqScan(ct) SeqScan(it) IndexScan(mk movie_id_movie_keyword) SeqScan(cct) SeqScan(k) HashJoin(mc cn) HashJoin(mc cn cc) NestLoop(mc cn cc t) HashJoin(mc cn cc t kt) NestLoop(mc cn cc t kt mi) HashJoin(mc cn cc t kt mi ct) HashJoin(mc cn cc t kt mi ct it) NestLoop(mc cn cc t kt mi ct it mk) HashJoin(mc cn cc t kt mi ct it mk cct) HashJoin(mc cn cc t kt mi ct it mk cct k) Leading(((((((((((mc cn) cc) t) kt) mi) ct) it) mk) cct) k)) */
0,"['complete+verified', '[it]', 'locations', ""movie', 'movie', 'video movie', 'tv movie', 'video movie"", '%a%', '%t%', '%n%', '2000']",187,0.5286213,/*+  SeqScan(mc) SeqScan(cn) SeqScan(cc) IndexScan(t title_pkey) SeqScan(kt) IndexScan(mi movie_id_movie_info) SeqScan(ct) SeqScan(it) IndexScan(mk movie_id_movie_keyword) SeqScan(cct) SeqScan(k) HashJoin(mc cn) HashJoin(mc cn cc) NestLoop(mc cn cc t) HashJoin(mc cn cc t kt) NestLoop(mc cn cc t kt mi) HashJoin(mc cn cc t kt mi ct) HashJoin(mc cn cc t kt mi ct it) NestLoop(mc cn cc t kt mi ct it mk) HashJoin(mc cn cc t kt mi ct it mk cct) HashJoin(mc cn cc t kt mi ct it mk cct k) Leading(((((((((((mc cn) cc) t) kt) mi) ct) it) mk) cct) k)) */
0,"['complete', '[ie]', 'release dates', ""episode', 'episode', 'episode', 'episode', 'episode"", '%o%', '%A%', '%t%', '2007']",187,0.5389915,/*+  SeqScan(mc) SeqScan(cn) SeqScan(cc) IndexScan(t title_pkey) SeqScan(kt) IndexScan(mi movie_id_movie_info) SeqScan(ct) SeqScan(it) IndexScan(mk movie_id_movie_keyword) SeqScan(cct) SeqScan(k) HashJoin(mc cn) HashJoin(mc cn cc) NestLoop(mc cn cc t) HashJoin(mc cn cc t kt) NestLoop(mc cn cc t kt mi) HashJoin(mc cn cc t kt mi ct) HashJoin(mc cn cc t kt mi ct it) NestLoop(mc cn cc t kt mi ct it mk) HashJoin(mc cn cc t kt mi ct it mk cct) HashJoin(mc cn cc t kt mi ct it mk cct k) Leading(((((((((((mc cn) cc) t) kt) mi) ct) it) mk) cct) k)) */
0,"['complete+verified', '[us]', 'release dates', ""movie', 'episode"", '%internet%', 'Japan:%200%', 'USA:% 199%', '1990']",187,0.532712,/*+  SeqScan(mc) SeqScan(cn) SeqScan(cc) IndexScan(t title_pkey) SeqScan(kt) IndexScan(mi movie_id_movie_info) SeqScan(ct) SeqScan(it) IndexScan(mk movie_id_movie_keyword) SeqScan(cct) SeqScan(k) HashJoin(mc cn) HashJoin(mc cn cc) NestLoop(mc cn cc t) HashJoin(mc cn cc t kt) NestLoop(mc cn cc t kt mi) HashJoin(mc cn cc t kt mi ct) HashJoin(mc cn cc t kt mi ct it) NestLoop(mc cn cc t kt mi ct it mk) HashJoin(mc cn cc t kt mi ct it mk cct) HashJoin(mc cn cc t kt mi ct it mk cct k) Leading(((((((((((mc cn) cc) t) kt) mi) ct) it) mk) cct) k)) */
0,"['complete+verified', '[us]', 'release dates', ""movie', 'episode"", '%internet%', 'USA:% 200%', 'USA:%200%', '1990']",187,0.532712,/*+  SeqScan(mc) SeqScan(cn) SeqScan(cc) IndexScan(t title_pkey) SeqScan(kt) IndexScan(mi movie_id_movie_info) SeqScan(ct) SeqScan(it) IndexScan(mk movie_id_movie_keyword) SeqScan(cct) SeqScan(k) HashJoin(mc cn) HashJoin(mc cn cc) NestLoop(mc cn cc t) HashJoin(mc cn cc t kt) NestLoop(mc cn cc t kt mi) HashJoin(mc cn cc t kt mi ct) HashJoin(mc cn cc t kt mi ct it) NestLoop(mc cn cc t kt mi ct it mk) HashJoin(mc cn cc t kt mi ct it mk cct) HashJoin(mc cn cc t kt mi ct it mk cct k) Leading(((((((((((mc cn) cc) t) kt) mi) ct) it) mk) cct) k)) */
0,"['complete+verified', '[us]', 'release dates', ""movie', 'episode"", '%internet%', 'USA:% 199%', 'USA:% 200%', '2005']",187,0.53510875,/*+  SeqScan(mc) SeqScan(cn) SeqScan(cc) IndexScan(t title_pkey) SeqScan(kt) IndexScan(mi movie_id_movie_info) SeqScan(ct) SeqScan(it) IndexScan(mk movie_id_movie_keyword) SeqScan(cct) SeqScan(k) HashJoin(mc cn) HashJoin(mc cn cc) NestLoop(mc cn cc t) HashJoin(mc cn cc t kt) NestLoop(mc cn cc t kt mi) HashJoin(mc cn cc t kt mi ct) HashJoin(mc cn cc t kt mi ct it) NestLoop(mc cn cc t kt mi ct it mk) HashJoin(mc cn cc t kt mi ct it mk cct) HashJoin(mc cn cc t kt mi ct it mk cct k) Leading(((((((((((mc cn) cc) t) kt) mi) ct) it) mk) cct) k)) */
0,"['complete', '[us]', 'certificates', ""movie', 'video movie', 'video movie', 'tv movie', 'episode"", '%(%', '%K%', '%:%', '1994']",187,0.53662896,/*+  SeqScan(mc) SeqScan(cn) SeqScan(cc) IndexScan(t title_pkey) SeqScan(kt) IndexScan(mi movie_id_movie_info) SeqScan(ct) SeqScan(it) IndexScan(mk movie_id_movie_keyword) SeqScan(cct) SeqScan(k) HashJoin(mc cn) HashJoin(mc cn cc) NestLoop(mc cn cc t) HashJoin(mc cn cc t kt) NestLoop(mc cn cc t kt mi) HashJoin(mc cn cc t kt mi ct) HashJoin(mc cn cc t kt mi ct it) NestLoop(mc cn cc t kt mi ct it mk) HashJoin(mc cn cc t kt mi ct it mk cct) HashJoin(mc cn cc t kt mi ct it mk cct k) Leading(((((((((((mc cn) cc) t) kt) mi) ct) it) mk) cct) k)) */
0,"['complete', '[us]', 'release dates', ""movie', 'episode"", '%internet%', 'USA:% 199%', 'USA:%200%', '2008']",187,0.5383847,/*+  SeqScan(mc) SeqScan(cn) SeqScan(cc) IndexScan(t title_pkey) SeqScan(kt) IndexScan(mi movie_id_movie_info) SeqScan(ct) SeqScan(it) IndexScan(mk movie_id_movie_keyword) SeqScan(cct) SeqScan(k) HashJoin(mc cn) HashJoin(mc cn cc) NestLoop(mc cn cc t) HashJoin(mc cn cc t kt) NestLoop(mc cn cc t kt mi) HashJoin(mc cn cc t kt mi ct) HashJoin(mc cn cc t kt mi ct it) NestLoop(mc cn cc t kt mi ct it mk) HashJoin(mc cn cc t kt mi ct it mk cct) HashJoin(mc cn cc t kt mi ct it mk cct k) Leading(((((((((((mc cn) cc) t) kt) mi) ct) it) mk) cct) k)) */
0,"['complete', '[us]', 'release dates', ""episode', 'episode', 'episode', 'episode', 'episode"", '%premiere%', '%l%', '%S%', '1959']",187,0.5412464,/*+  SeqScan(mc) SeqScan(cn) SeqScan(cc) IndexScan(t title_pkey) SeqScan(kt) IndexScan(mi movie_id_movie_info) SeqScan(ct) SeqScan(it) IndexScan(mk movie_id_movie_keyword) SeqScan(cct) SeqScan(k) HashJoin(mc cn) HashJoin(mc cn cc) NestLoop(mc cn cc t) HashJoin(mc cn cc t kt) NestLoop(mc cn cc t kt mi) HashJoin(mc cn cc t kt mi ct) HashJoin(mc cn cc t kt mi ct it) NestLoop(mc cn cc t kt mi ct it mk) HashJoin(mc cn cc t kt mi ct it mk cct) HashJoin(mc cn cc t kt mi ct it mk cct k) Leading(((((((((((mc cn) cc) t) kt) mi) ct) it) mk) cct) k)) */
0,"['complete', '[us]', 'release dates', ""movie', 'episode"", '%internet%', 'USA:% 200%', 'Japan:%201%', '2005']",187,0.54007643,/*+  SeqScan(mc) SeqScan(cn) SeqScan(cc) IndexScan(t title_pkey) SeqScan(kt) IndexScan(mi movie_id_movie_info) SeqScan(ct) SeqScan(it) IndexScan(mk movie_id_movie_keyword) SeqScan(cct) SeqScan(k) HashJoin(mc cn) HashJoin(mc cn cc) NestLoop(mc cn cc t) HashJoin(mc cn cc t kt) NestLoop(mc cn cc t kt mi) HashJoin(mc cn cc t kt mi ct) HashJoin(mc cn cc t kt mi ct it) NestLoop(mc cn cc t kt mi ct it mk) HashJoin(mc cn cc t kt mi ct it mk cct) HashJoin(mc cn cc t kt mi ct it mk cct k) Leading(((((((((((mc cn) cc) t) kt) mi) ct) it) mk) cct) k)) */
0,"['complete+verified', '[us]', 'release dates', 'movie', '%internet%', 'USA:%200%', 'Japan:%200%', '1990']",187,0.53913885,/*+  SeqScan(mc) SeqScan(cn) SeqScan(cc) IndexScan(t title_pkey) SeqScan(kt) IndexScan(mi movie_id_movie_info) SeqScan(ct) SeqScan(it) IndexScan(mk movie_id_movie_keyword) SeqScan(cct) SeqScan(k) HashJoin(mc cn) HashJoin(mc cn cc) NestLoop(mc cn cc t) HashJoin(mc cn cc t kt) NestLoop(mc cn cc t kt mi) HashJoin(mc cn cc t kt mi ct) HashJoin(mc cn cc t kt mi ct it) NestLoop(mc cn cc t kt mi ct it mk) HashJoin(mc cn cc t kt mi ct it mk cct) HashJoin(mc cn cc t kt mi ct it mk cct k) Leading(((((((((((mc cn) cc) t) kt) mi) ct) it) mk) cct) k)) */
0,"['complete+verified', '[us]', 'release dates', ""movie', 'episode"", '%internet%', 'USA:%200%', 'Japan:%201%', '2005']",187,0.53510875,/*+  SeqScan(mc) SeqScan(cn) SeqScan(cc) IndexScan(t title_pkey) SeqScan(kt) IndexScan(mi movie_id_movie_info) SeqScan(ct) SeqScan(it) IndexScan(mk movie_id_movie_keyword) SeqScan(cct) SeqScan(k) HashJoin(mc cn) HashJoin(mc cn cc) NestLoop(mc cn cc t) HashJoin(mc cn cc t kt) NestLoop(mc cn cc t kt mi) HashJoin(mc cn cc t kt mi ct) HashJoin(mc cn cc t kt mi ct it) NestLoop(mc cn cc t kt mi ct it mk) HashJoin(mc cn cc t kt mi ct it mk cct) HashJoin(mc cn cc t kt mi ct it mk cct k) Leading(((((((((((mc cn) cc) t) kt) mi) ct) it) mk) cct) k)) */
0,"['complete+verified', '[br]', 'release dates', ""movie', 'video game', 'tv mini series', 'episode', 'tv series"", '%a%', '%a%', '%M%', '1978']",187,0.5473785,/*+  SeqScan(mc) SeqScan(cn) SeqScan(cc) IndexScan(t title_pkey) SeqScan(kt) IndexScan(mi movie_id_movie_info) SeqScan(ct) SeqScan(it) IndexScan(mk movie_id_movie_keyword) SeqScan(cct) SeqScan(k) HashJoin(mc cn) HashJoin(mc cn cc) NestLoop(mc cn cc t) HashJoin(mc cn cc t kt) NestLoop(mc cn cc t kt mi) HashJoin(mc cn cc t kt mi ct) HashJoin(mc cn cc t kt mi ct it) NestLoop(mc cn cc t kt mi ct it mk) HashJoin(mc cn cc t kt mi ct it mk cct) HashJoin(mc cn cc t kt mi ct it mk cct k) Leading(((((((((((mc cn) cc) t) kt) mi) ct) it) mk) cct) k)) */
0,"['complete+verified', '[nl]', 'certificates', ""movie', 'video game', 'tv mini series', 'tv movie', 'tv mini series"", '%6%', '%:%', '%S%', '2001']",187,0.52560765,/*+  SeqScan(mc) SeqScan(cn) SeqScan(cc) IndexScan(t title_pkey) SeqScan(kt) IndexScan(mi movie_id_movie_info) SeqScan(ct) SeqScan(it) IndexScan(mk movie_id_movie_keyword) SeqScan(cct) SeqScan(k) HashJoin(mc cn) HashJoin(mc cn cc) NestLoop(mc cn cc t) HashJoin(mc cn cc t kt) NestLoop(mc cn cc t kt mi) HashJoin(mc cn cc t kt mi ct) HashJoin(mc cn cc t kt mi ct it) NestLoop(mc cn cc t kt mi ct it mk) HashJoin(mc cn cc t kt mi ct it mk cct) HashJoin(mc cn cc t kt mi ct it mk cct k) Leading(((((((((((mc cn) cc) t) kt) mi) ct) it) mk) cct) k)) */
0,"['complete+verified', '[us]', 'sound mix', ""movie', 'tv movie', 'tv series', 'tv mini series', 'tv series"", '%c%', '%o%', '%n%', '1964']",187,0.52945316,/*+  SeqScan(mc) SeqScan(cn) SeqScan(cc) IndexScan(t title_pkey) SeqScan(kt) IndexScan(mi movie_id_movie_info) SeqScan(ct) SeqScan(it) IndexScan(mk movie_id_movie_keyword) SeqScan(cct) SeqScan(k) HashJoin(mc cn) HashJoin(mc cn cc) NestLoop(mc cn cc t) HashJoin(mc cn cc t kt) NestLoop(mc cn cc t kt mi) HashJoin(mc cn cc t kt mi ct) HashJoin(mc cn cc t kt mi ct it) NestLoop(mc cn cc t kt mi ct it mk) HashJoin(mc cn cc t kt mi ct it mk cct) HashJoin(mc cn cc t kt mi ct it mk cct k) Leading(((((((((((mc cn) cc) t) kt) mi) ct) it) mk) cct) k)) */
0,"['complete+verified', '[br]', 'certificates', ""movie', 'video game', 'video game', 'movie', 'video movie"", '%g%', '%:%', '%:%', '1978']",187,0.5260217,/*+  SeqScan(mc) SeqScan(cn) SeqScan(cc) IndexScan(t title_pkey) SeqScan(kt) IndexScan(mi movie_id_movie_info) SeqScan(ct) SeqScan(it) IndexScan(mk movie_id_movie_keyword) SeqScan(cct) SeqScan(k) HashJoin(mc cn) HashJoin(mc cn cc) NestLoop(mc cn cc t) HashJoin(mc cn cc t kt) NestLoop(mc cn cc t kt mi) HashJoin(mc cn cc t kt mi ct) HashJoin(mc cn cc t kt mi ct it) NestLoop(mc cn cc t kt mi ct it mk) HashJoin(mc cn cc t kt mi ct it mk cct) HashJoin(mc cn cc t kt mi ct it mk cct k) Leading(((((((((((mc cn) cc) t) kt) mi) ct) it) mk) cct) k)) */
0,"['complete', '[ca]', 'release dates', ""movie', 'episode', 'video game', 'video movie', 'video movie"", '%(%', '%1%', '%M%', '2005']",187,0.53629875,/*+  SeqScan(mc) SeqScan(cn) SeqScan(cc) IndexScan(t title_pkey) SeqScan(kt) IndexScan(mi movie_id_movie_info) SeqScan(ct) SeqScan(it) IndexScan(mk movie_id_movie_keyword) SeqScan(cct) SeqScan(k) HashJoin(mc cn) HashJoin(mc cn cc) NestLoop(mc cn cc t) HashJoin(mc cn cc t kt) NestLoop(mc cn cc t kt mi) HashJoin(mc cn cc t kt mi ct) HashJoin(mc cn cc t kt mi ct it) NestLoop(mc cn cc t kt mi ct it mk) HashJoin(mc cn cc t kt mi ct it mk cct) HashJoin(mc cn cc t kt mi ct it mk cct k) Leading(((((((((((mc cn) cc) t) kt) mi) ct) it) mk) cct) k)) */
0,"['complete+verified', '[fr]', 'release dates', ""episode', 'episode', 'episode', 'episode', 'episode"", '%i%', '%o%', '%Black%', '1997']",187,0.5331323,/*+  SeqScan(mc) SeqScan(cn) SeqScan(cc) IndexScan(t title_pkey) SeqScan(kt) IndexScan(mi movie_id_movie_info) SeqScan(ct) SeqScan(it) IndexScan(mk movie_id_movie_keyword) SeqScan(cct) SeqScan(k) HashJoin(mc cn) HashJoin(mc cn cc) NestLoop(mc cn cc t) HashJoin(mc cn cc t kt) NestLoop(mc cn cc t kt mi) HashJoin(mc cn cc t kt mi ct) HashJoin(mc cn cc t kt mi ct it) NestLoop(mc cn cc t kt mi ct it mk) HashJoin(mc cn cc t kt mi ct it mk cct) HashJoin(mc cn cc t kt mi ct it mk cct k) Leading(((((((((((mc cn) cc) t) kt) mi) ct) it) mk) cct) k)) */
0,"['complete', '[ru]', 'color info', ""movie', 'video game', 'video movie', 'tv movie', 'tv mini series"", '%S%', '%C%', '%l%', '1974']",187,0.53560555,/*+  SeqScan(mc) SeqScan(cn) SeqScan(cc) IndexScan(t title_pkey) SeqScan(kt) IndexScan(mi movie_id_movie_info) SeqScan(ct) SeqScan(it) IndexScan(mk movie_id_movie_keyword) SeqScan(cct) SeqScan(k) HashJoin(mc cn) HashJoin(mc cn cc) NestLoop(mc cn cc t) HashJoin(mc cn cc t kt) NestLoop(mc cn cc t kt mi) HashJoin(mc cn cc t kt mi ct) HashJoin(mc cn cc t kt mi ct it) NestLoop(mc cn cc t kt mi ct it mk) HashJoin(mc cn cc t kt mi ct it mk cct) HashJoin(mc cn cc t kt mi ct it mk cct k) Leading(((((((((((mc cn) cc) t) kt) mi) ct) it) mk) cct) k)) */
0,"['complete+verified', '[us]', 'release dates', ""movie', 'episode"", '%internet%', 'Japan:%2007%', 'USA:%2008%', '2005']",187,0.53510875,/*+  SeqScan(mc) SeqScan(cn) SeqScan(cc) IndexScan(t title_pkey) SeqScan(kt) IndexScan(mi movie_id_movie_info) SeqScan(ct) SeqScan(it) IndexScan(mk movie_id_movie_keyword) SeqScan(cct) SeqScan(k) HashJoin(mc cn) HashJoin(mc cn cc) NestLoop(mc cn cc t) HashJoin(mc cn cc t kt) NestLoop(mc cn cc t kt mi) HashJoin(mc cn cc t kt mi ct) HashJoin(mc cn cc t kt mi ct it) NestLoop(mc cn cc t kt mi ct it mk) HashJoin(mc cn cc t kt mi ct it mk cct) HashJoin(mc cn cc t kt mi ct it mk cct k) Leading(((((((((((mc cn) cc) t) kt) mi) ct) it) mk) cct) k)) */
0,"['complete', '[fr]', 'release dates', ""movie', 'movie', 'movie', 'movie', 'movie"", '%DVD%', '%E%', '%h%', '2007']",187,0.53866005,/*+  SeqScan(mc) SeqScan(cn) SeqScan(cc) IndexScan(t title_pkey) SeqScan(kt) IndexScan(mi movie_id_movie_info) SeqScan(ct) SeqScan(it) IndexScan(mk movie_id_movie_keyword) SeqScan(cct) SeqScan(k) HashJoin(mc cn) HashJoin(mc cn cc) NestLoop(mc cn cc t) HashJoin(mc cn cc t kt) NestLoop(mc cn cc t kt mi) HashJoin(mc cn cc t kt mi ct) HashJoin(mc cn cc t kt mi ct it) NestLoop(mc cn cc t kt mi ct it mk) HashJoin(mc cn cc t kt mi ct it mk cct) HashJoin(mc cn cc t kt mi ct it mk cct k) Leading(((((((((((mc cn) cc) t) kt) mi) ct) it) mk) cct) k)) */
0,"['complete+verified', '[au]', 'release dates', ""episode', 'episode', 'episode', 'episode', 'movie"", '%i%', '%o%', '%Spherical%', '2004']",187,0.53782046,/*+  SeqScan(mc) SeqScan(cn) SeqScan(cc) IndexScan(t title_pkey) SeqScan(kt) IndexScan(mi movie_id_movie_info) SeqScan(ct) SeqScan(it) IndexScan(mk movie_id_movie_keyword) SeqScan(cct) SeqScan(k) HashJoin(mc cn) HashJoin(mc cn cc) NestLoop(mc cn cc t) HashJoin(mc cn cc t kt) NestLoop(mc cn cc t kt mi) HashJoin(mc cn cc t kt mi ct) HashJoin(mc cn cc t kt mi ct it) NestLoop(mc cn cc t kt mi ct it mk) HashJoin(mc cn cc t kt mi ct it mk cct) HashJoin(mc cn cc t kt mi ct it mk cct k) Leading(((((((((((mc cn) cc) t) kt) mi) ct) it) mk) cct) k)) */
0,"['complete+verified', '[us]', 'release dates', ""movie', 'episode"", '%internet%', 'USA:% 199%', 'USA:%2008%', '2005']",187,0.53510875,/*+  SeqScan(mc) SeqScan(cn) SeqScan(cc) IndexScan(t title_pkey) SeqScan(kt) IndexScan(mi movie_id_movie_info) SeqScan(ct) SeqScan(it) IndexScan(mk movie_id_movie_keyword) SeqScan(cct) SeqScan(k) HashJoin(mc cn) HashJoin(mc cn cc) NestLoop(mc cn cc t) HashJoin(mc cn cc t kt) NestLoop(mc cn cc t kt mi) HashJoin(mc cn cc t kt mi ct) HashJoin(mc cn cc t kt mi ct it) NestLoop(mc cn cc t kt mi ct it mk) HashJoin(mc cn cc t kt mi ct it mk cct) HashJoin(mc cn cc t kt mi ct it mk cct k) Leading(((((((((((mc cn) cc) t) kt) mi) ct) it) mk) cct) k)) */
0,"['complete+verified', '[us]', 'release dates', ""movie', 'episode"", '%internet%', 'USA:% 199%', 'USA:%2008%', '2000']",187,0.5345659,/*+  SeqScan(mc) SeqScan(cn) SeqScan(cc) IndexScan(t title_pkey) SeqScan(kt) IndexScan(mi movie_id_movie_info) SeqScan(ct) SeqScan(it) IndexScan(mk movie_id_movie_keyword) SeqScan(cct) SeqScan(k) HashJoin(mc cn) HashJoin(mc cn cc) NestLoop(mc cn cc t) HashJoin(mc cn cc t kt) NestLoop(mc cn cc t kt mi) HashJoin(mc cn cc t kt mi ct) HashJoin(mc cn cc t kt mi ct it) NestLoop(mc cn cc t kt mi ct it mk) HashJoin(mc cn cc t kt mi ct it mk cct) HashJoin(mc cn cc t kt mi ct it mk cct k) Leading(((((((((((mc cn) cc) t) kt) mi) ct) it) mk) cct) k)) */
0,"['complete+verified', '[de]', 'release dates', ""movie', 'tv movie', 'movie', 'tv series', 'tv movie"", '%a%', '%e%', '%n%', '2002']",187,0.5342365,/*+  SeqScan(mc) SeqScan(cn) SeqScan(cc) IndexScan(t title_pkey) SeqScan(kt) IndexScan(mi movie_id_movie_info) SeqScan(ct) SeqScan(it) IndexScan(mk movie_id_movie_keyword) SeqScan(cct) SeqScan(k) HashJoin(mc cn) HashJoin(mc cn cc) NestLoop(mc cn cc t) HashJoin(mc cn cc t kt) NestLoop(mc cn cc t kt mi) HashJoin(mc cn cc t kt mi ct) HashJoin(mc cn cc t kt mi ct it) NestLoop(mc cn cc t kt mi ct it mk) HashJoin(mc cn cc t kt mi ct it mk cct) HashJoin(mc cn cc t kt mi ct it mk cct k) Leading(((((((((((mc cn) cc) t) kt) mi) ct) it) mk) cct) k)) */
0,"['complete', '[us]', 'release dates', ""movie', 'episode"", '%internet%', 'USA:% 200%', 'USA:% 199%', '2000']",187,0.53929585,/*+  SeqScan(mc) SeqScan(cn) SeqScan(cc) IndexScan(t title_pkey) SeqScan(kt) IndexScan(mi movie_id_movie_info) SeqScan(ct) SeqScan(it) IndexScan(mk movie_id_movie_keyword) SeqScan(cct) SeqScan(k) HashJoin(mc cn) HashJoin(mc cn cc) NestLoop(mc cn cc t) HashJoin(mc cn cc t kt) NestLoop(mc cn cc t kt mi) HashJoin(mc cn cc t kt mi ct) HashJoin(mc cn cc t kt mi ct it) NestLoop(mc cn cc t kt mi ct it mk) HashJoin(mc cn cc t kt mi ct it mk cct) HashJoin(mc cn cc t kt mi ct it mk cct k) Leading(((((((((((mc cn) cc) t) kt) mi) ct) it) mk) cct) k)) */
0,"['complete', '[gb]', 'release dates', ""episode', 'episode', 'episode', 'episode', 'episode"", '%premiere%', '%White%', '%o%', '2004']",187,0.5375842,/*+  SeqScan(mc) SeqScan(cn) SeqScan(cc) IndexScan(t title_pkey) SeqScan(kt) IndexScan(mi movie_id_movie_info) SeqScan(ct) SeqScan(it) IndexScan(mk movie_id_movie_keyword) SeqScan(cct) SeqScan(k) HashJoin(mc cn) HashJoin(mc cn cc) NestLoop(mc cn cc t) HashJoin(mc cn cc t kt) NestLoop(mc cn cc t kt mi) HashJoin(mc cn cc t kt mi ct) HashJoin(mc cn cc t kt mi ct it) NestLoop(mc cn cc t kt mi ct it mk) HashJoin(mc cn cc t kt mi ct it mk cct) HashJoin(mc cn cc t kt mi ct it mk cct k) Leading(((((((((((mc cn) cc) t) kt) mi) ct) it) mk) cct) k)) */
0,"['complete', '[us]', 'release dates', 'movie', '%internet%', 'USA:%2008%', 'USA:% 200%', '1990']",187,0.5381114,/*+  SeqScan(mc) SeqScan(cn) SeqScan(cc) IndexScan(t title_pkey) SeqScan(kt) IndexScan(mi movie_id_movie_info) SeqScan(ct) SeqScan(it) IndexScan(mk movie_id_movie_keyword) SeqScan(cct) SeqScan(k) HashJoin(mc cn) HashJoin(mc cn cc) NestLoop(mc cn cc t) HashJoin(mc cn cc t kt) NestLoop(mc cn cc t kt mi) HashJoin(mc cn cc t kt mi ct) HashJoin(mc cn cc t kt mi ct it) NestLoop(mc cn cc t kt mi ct it mk) HashJoin(mc cn cc t kt mi ct it mk cct) HashJoin(mc cn cc t kt mi ct it mk cct k) Leading(((((((((((mc cn) cc) t) kt) mi) ct) it) mk) cct) k)) */
0,"['complete', '[us]', 'release dates', 'movie', '%internet%', 'USA:%201%', 'USA:% 199%', '1950']",187,0.551778,/*+  SeqScan(mc) SeqScan(cn) SeqScan(cc) IndexScan(t title_pkey) SeqScan(kt) IndexScan(mi movie_id_movie_info) SeqScan(ct) SeqScan(it) IndexScan(mk movie_id_movie_keyword) SeqScan(cct) SeqScan(k) HashJoin(mc cn) HashJoin(mc cn cc) NestLoop(mc cn cc t) HashJoin(mc cn cc t kt) NestLoop(mc cn cc t kt mi) HashJoin(mc cn cc t kt mi ct) HashJoin(mc cn cc t kt mi ct it) NestLoop(mc cn cc t kt mi ct it mk) HashJoin(mc cn cc t kt mi ct it mk cct) HashJoin(mc cn cc t kt mi ct it mk cct k) Leading(((((((((((mc cn) cc) t) kt) mi) ct) it) mk) cct) k)) */
0,"['complete+verified', '[us]', 'release dates', ""movie', 'tv movie', 'tv movie', 'video movie', 'movie"", '%i%', '%3%', '%S%', '1936']",187,0.5419931,/*+  SeqScan(mc) SeqScan(cn) SeqScan(cc) IndexScan(t title_pkey) SeqScan(kt) IndexScan(mi movie_id_movie_info) SeqScan(ct) SeqScan(it) IndexScan(mk movie_id_movie_keyword) SeqScan(cct) SeqScan(k) HashJoin(mc cn) HashJoin(mc cn cc) NestLoop(mc cn cc t) HashJoin(mc cn cc t kt) NestLoop(mc cn cc t kt mi) HashJoin(mc cn cc t kt mi ct) HashJoin(mc cn cc t kt mi ct it) NestLoop(mc cn cc t kt mi ct it mk) HashJoin(mc cn cc t kt mi ct it mk cct) HashJoin(mc cn cc t kt mi ct it mk cct k) Leading(((((((((((mc cn) cc) t) kt) mi) ct) it) mk) cct) k)) */
0,"['complete+verified', '[nl]', 'certificates', ""movie', 'tv movie', 'tv series', 'tv series', 'video movie"", '%g%', '%g%', '%:%', '2003']",187,0.5391146,/*+  SeqScan(mc) SeqScan(cn) SeqScan(cc) IndexScan(t title_pkey) SeqScan(kt) IndexScan(mi movie_id_movie_info) SeqScan(ct) SeqScan(it) IndexScan(mk movie_id_movie_keyword) SeqScan(cct) SeqScan(k) HashJoin(mc cn) HashJoin(mc cn cc) NestLoop(mc cn cc t) HashJoin(mc cn cc t kt) NestLoop(mc cn cc t kt mi) HashJoin(mc cn cc t kt mi ct) HashJoin(mc cn cc t kt mi ct it) NestLoop(mc cn cc t kt mi ct it mk) HashJoin(mc cn cc t kt mi ct it mk cct) HashJoin(mc cn cc t kt mi ct it mk cct k) Leading(((((((((((mc cn) cc) t) kt) mi) ct) it) mk) cct) k)) */
0,"['complete+verified', '[us]', 'release dates', ""movie', 'tv series', 'tv movie', 'tv movie', 'tv mini series"", '%l%', '%b%', '%2%', '2002']",187,0.53624636,/*+  SeqScan(mc) SeqScan(cn) SeqScan(cc) IndexScan(t title_pkey) SeqScan(kt) IndexScan(mi movie_id_movie_info) SeqScan(ct) SeqScan(it) IndexScan(mk movie_id_movie_keyword) SeqScan(cct) SeqScan(k) HashJoin(mc cn) HashJoin(mc cn cc) NestLoop(mc cn cc t) HashJoin(mc cn cc t kt) NestLoop(mc cn cc t kt mi) HashJoin(mc cn cc t kt mi ct) HashJoin(mc cn cc t kt mi ct it) NestLoop(mc cn cc t kt mi ct it mk) HashJoin(mc cn cc t kt mi ct it mk cct) HashJoin(mc cn cc t kt mi ct it mk cct k) Leading(((((((((((mc cn) cc) t) kt) mi) ct) it) mk) cct) k)) */
0,"['complete', '[us]', 'release dates', ""movie', 'episode"", '%internet%', 'USA:% 199%', 'USA:%201%', '2000']",187,0.53929585,/*+  SeqScan(mc) SeqScan(cn) SeqScan(cc) IndexScan(t title_pkey) SeqScan(kt) IndexScan(mi movie_id_movie_info) SeqScan(ct) SeqScan(it) IndexScan(mk movie_id_movie_keyword) SeqScan(cct) SeqScan(k) HashJoin(mc cn) HashJoin(mc cn cc) NestLoop(mc cn cc t) HashJoin(mc cn cc t kt) NestLoop(mc cn cc t kt mi) HashJoin(mc cn cc t kt mi ct) HashJoin(mc cn cc t kt mi ct it) NestLoop(mc cn cc t kt mi ct it mk) HashJoin(mc cn cc t kt mi ct it mk cct) HashJoin(mc cn cc t kt mi ct it mk cct k) Leading(((((((((((mc cn) cc) t) kt) mi) ct) it) mk) cct) k)) */
0,"['complete', '[us]', 'release dates', ""episode', 'episode', 'movie', 'movie', 'episode"", '%DVD%', '%A%', '%Black%', '2004']",187,0.53761923,/*+  SeqScan(mc) SeqScan(cn) SeqScan(cc) IndexScan(t title_pkey) SeqScan(kt) IndexScan(mi movie_id_movie_info) SeqScan(ct) SeqScan(it) IndexScan(mk movie_id_movie_keyword) SeqScan(cct) SeqScan(k) HashJoin(mc cn) HashJoin(mc cn cc) NestLoop(mc cn cc t) HashJoin(mc cn cc t kt) NestLoop(mc cn cc t kt mi) HashJoin(mc cn cc t kt mi ct) HashJoin(mc cn cc t kt mi ct it) NestLoop(mc cn cc t kt mi ct it mk) HashJoin(mc cn cc t kt mi ct it mk cct) HashJoin(mc cn cc t kt mi ct it mk cct k) Leading(((((((((((mc cn) cc) t) kt) mi) ct) it) mk) cct) k)) */
0,"['complete', '[us]', 'release dates', ""episode', 'episode', 'episode', 'episode', 'episode"", '%premiere%', '%U%', '%S%', '1895']",187,0.53511614,/*+  SeqScan(mc) SeqScan(cn) SeqScan(cc) IndexScan(t title_pkey) SeqScan(kt) IndexScan(mi movie_id_movie_info) SeqScan(ct) SeqScan(it) IndexScan(mk movie_id_movie_keyword) SeqScan(cct) SeqScan(k) HashJoin(mc cn) HashJoin(mc cn cc) NestLoop(mc cn cc t) HashJoin(mc cn cc t kt) NestLoop(mc cn cc t kt mi) HashJoin(mc cn cc t kt mi ct) HashJoin(mc cn cc t kt mi ct it) NestLoop(mc cn cc t kt mi ct it mk) HashJoin(mc cn cc t kt mi ct it mk cct) HashJoin(mc cn cc t kt mi ct it mk cct k) Leading(((((((((((mc cn) cc) t) kt) mi) ct) it) mk) cct) k)) */
0,"['complete+verified', '[us]', 'release dates', 'movie', '%internet%', 'USA:% 200%', 'USA:%200%', '2000']",187,0.54460365,/*+  SeqScan(mc) SeqScan(cn) SeqScan(cc) IndexScan(t title_pkey) SeqScan(kt) IndexScan(mi movie_id_movie_info) SeqScan(ct) SeqScan(it) IndexScan(mk movie_id_movie_keyword) SeqScan(cct) SeqScan(k) HashJoin(mc cn) HashJoin(mc cn cc) NestLoop(mc cn cc t) HashJoin(mc cn cc t kt) NestLoop(mc cn cc t kt mi) HashJoin(mc cn cc t kt mi ct) HashJoin(mc cn cc t kt mi ct it) NestLoop(mc cn cc t kt mi ct it mk) HashJoin(mc cn cc t kt mi ct it mk cct) HashJoin(mc cn cc t kt mi ct it mk cct k) Leading(((((((((((mc cn) cc) t) kt) mi) ct) it) mk) cct) k)) */
0,"['complete', '[us]', 'release dates', ""episode', 'movie', 'episode', 'episode', 'episode"", '%r%', '%Black%', '%S%', '1988']",187,0.54067695,/*+  SeqScan(mc) SeqScan(cn) SeqScan(cc) IndexScan(t title_pkey) SeqScan(kt) IndexScan(mi movie_id_movie_info) SeqScan(ct) SeqScan(it) IndexScan(mk movie_id_movie_keyword) SeqScan(cct) SeqScan(k) HashJoin(mc cn) HashJoin(mc cn cc) NestLoop(mc cn cc t) HashJoin(mc cn cc t kt) NestLoop(mc cn cc t kt mi) HashJoin(mc cn cc t kt mi ct) HashJoin(mc cn cc t kt mi ct it) NestLoop(mc cn cc t kt mi ct it mk) HashJoin(mc cn cc t kt mi ct it mk cct) HashJoin(mc cn cc t kt mi ct it mk cct k) Leading(((((((((((mc cn) cc) t) kt) mi) ct) it) mk) cct) k)) */
0,"['complete', '[au]', 'release dates', ""movie', 'tv series', 'episode', 'tv mini series', 'movie"", '%k%', '%S%', '%m%', '1998']",187,0.5357467,/*+  SeqScan(mc) SeqScan(cn) SeqScan(cc) IndexScan(t title_pkey) SeqScan(kt) IndexScan(mi movie_id_movie_info) SeqScan(ct) SeqScan(it) IndexScan(mk movie_id_movie_keyword) SeqScan(cct) SeqScan(k) HashJoin(mc cn) HashJoin(mc cn cc) NestLoop(mc cn cc t) HashJoin(mc cn cc t kt) NestLoop(mc cn cc t kt mi) HashJoin(mc cn cc t kt mi ct) HashJoin(mc cn cc t kt mi ct it) NestLoop(mc cn cc t kt mi ct it mk) HashJoin(mc cn cc t kt mi ct it mk cct) HashJoin(mc cn cc t kt mi ct it mk cct k) Leading(((((((((((mc cn) cc) t) kt) mi) ct) it) mk) cct) k)) */
0,"['complete', '[fi]', 'release dates', ""movie', 'tv series', 'episode', 'video game', 'tv mini series"", '%e%', '%0%', '%0%', '2005']",187,0.5333718,/*+  SeqScan(mc) SeqScan(cn) SeqScan(cc) IndexScan(t title_pkey) SeqScan(kt) IndexScan(mi movie_id_movie_info) SeqScan(ct) SeqScan(it) IndexScan(mk movie_id_movie_keyword) SeqScan(cct) SeqScan(k) HashJoin(mc cn) HashJoin(mc cn cc) NestLoop(mc cn cc t) HashJoin(mc cn cc t kt) NestLoop(mc cn cc t kt mi) HashJoin(mc cn cc t kt mi ct) HashJoin(mc cn cc t kt mi ct it) NestLoop(mc cn cc t kt mi ct it mk) HashJoin(mc cn cc t kt mi ct it mk cct) HashJoin(mc cn cc t kt mi ct it mk cct k) Leading(((((((((((mc cn) cc) t) kt) mi) ct) it) mk) cct) k)) */
0,"['complete', '[us]', 'release dates', ""episode', 'episode', 'episode', 'episode', 'episode"", '%the%', '%1%', '%with%', '1949']",187,0.5346141,/*+  SeqScan(mc) SeqScan(cn) SeqScan(cc) IndexScan(t title_pkey) SeqScan(kt) IndexScan(mi movie_id_movie_info) SeqScan(ct) SeqScan(it) IndexScan(mk movie_id_movie_keyword) SeqScan(cct) SeqScan(k) HashJoin(mc cn) HashJoin(mc cn cc) NestLoop(mc cn cc t) HashJoin(mc cn cc t kt) NestLoop(mc cn cc t kt mi) HashJoin(mc cn cc t kt mi ct) HashJoin(mc cn cc t kt mi ct it) NestLoop(mc cn cc t kt mi ct it mk) HashJoin(mc cn cc t kt mi ct it mk cct) HashJoin(mc cn cc t kt mi ct it mk cct k) Leading(((((((((((mc cn) cc) t) kt) mi) ct) it) mk) cct) k)) */
0,"['complete', '[us]', 'release dates', ""movie', 'episode"", '%internet%', 'Japan:%2007%', 'USA:%200%', '1990']",187,0.53524715,/*+  SeqScan(mc) SeqScan(cn) SeqScan(cc) IndexScan(t title_pkey) SeqScan(kt) IndexScan(mi movie_id_movie_info) SeqScan(ct) SeqScan(it) IndexScan(mk movie_id_movie_keyword) SeqScan(cct) SeqScan(k) HashJoin(mc cn) HashJoin(mc cn cc) NestLoop(mc cn cc t) HashJoin(mc cn cc t kt) NestLoop(mc cn cc t kt mi) HashJoin(mc cn cc t kt mi ct) HashJoin(mc cn cc t kt mi ct it) NestLoop(mc cn cc t kt mi ct it mk) HashJoin(mc cn cc t kt mi ct it mk cct) HashJoin(mc cn cc t kt mi ct it mk cct k) Leading(((((((((((mc cn) cc) t) kt) mi) ct) it) mk) cct) k)) */
0,"['complete', '[us]', 'release dates', ""movie', 'episode"", '%internet%', 'Japan:%200%', 'USA:%201%', '1990']",187,0.53524715,/*+  SeqScan(mc) SeqScan(cn) SeqScan(cc) IndexScan(t title_pkey) SeqScan(kt) IndexScan(mi movie_id_movie_info) SeqScan(ct) SeqScan(it) IndexScan(mk movie_id_movie_keyword) SeqScan(cct) SeqScan(k) HashJoin(mc cn) HashJoin(mc cn cc) NestLoop(mc cn cc t) HashJoin(mc cn cc t kt) NestLoop(mc cn cc t kt mi) HashJoin(mc cn cc t kt mi ct) HashJoin(mc cn cc t kt mi ct it) NestLoop(mc cn cc t kt mi ct it mk) HashJoin(mc cn cc t kt mi ct it mk cct) HashJoin(mc cn cc t kt mi ct it mk cct k) Leading(((((((((((mc cn) cc) t) kt) mi) ct) it) mk) cct) k)) */
0,"['complete+verified', '[us]', 'release dates', ""movie', 'episode"", '%internet%', 'USA:% 199%', 'USA:% 200%', '2005']",187,0.53510875,/*+  SeqScan(mc) SeqScan(cn) SeqScan(cc) IndexScan(t title_pkey) SeqScan(kt) IndexScan(mi movie_id_movie_info) SeqScan(ct) SeqScan(it) IndexScan(mk movie_id_movie_keyword) SeqScan(cct) SeqScan(k) HashJoin(mc cn) HashJoin(mc cn cc) NestLoop(mc cn cc t) HashJoin(mc cn cc t kt) NestLoop(mc cn cc t kt mi) HashJoin(mc cn cc t kt mi ct) HashJoin(mc cn cc t kt mi ct it) NestLoop(mc cn cc t kt mi ct it mk) HashJoin(mc cn cc t kt mi ct it mk cct) HashJoin(mc cn cc t kt mi ct it mk cct k) Leading(((((((((((mc cn) cc) t) kt) mi) ct) it) mk) cct) k)) */
0,"['complete+verified', '[gb]', 'release dates', ""movie', 'episode', 'movie', 'episode', 'episode"", '%1%', '%o%', '%h%', '1975']",187,0.52394116,/*+  SeqScan(mc) SeqScan(cn) SeqScan(cc) IndexScan(t title_pkey) SeqScan(kt) IndexScan(mi movie_id_movie_info) SeqScan(ct) SeqScan(it) IndexScan(mk movie_id_movie_keyword) SeqScan(cct) SeqScan(k) HashJoin(mc cn) HashJoin(mc cn cc) NestLoop(mc cn cc t) HashJoin(mc cn cc t kt) NestLoop(mc cn cc t kt mi) HashJoin(mc cn cc t kt mi ct) HashJoin(mc cn cc t kt mi ct it) NestLoop(mc cn cc t kt mi ct it mk) HashJoin(mc cn cc t kt mi ct it mk cct) HashJoin(mc cn cc t kt mi ct it mk cct k) Leading(((((((((((mc cn) cc) t) kt) mi) ct) it) mk) cct) k)) */
0,"['complete+verified', '[us]', 'locations', ""movie', 'tv mini series', 'tv series', 'video movie', 'tv movie"", '%O%', '%t%', '%t%', '1961']",187,0.54224324,/*+  SeqScan(mc) SeqScan(cn) SeqScan(cc) IndexScan(t title_pkey) SeqScan(kt) IndexScan(mi movie_id_movie_info) SeqScan(ct) SeqScan(it) IndexScan(mk movie_id_movie_keyword) SeqScan(cct) SeqScan(k) HashJoin(mc cn) HashJoin(mc cn cc) NestLoop(mc cn cc t) HashJoin(mc cn cc t kt) NestLoop(mc cn cc t kt mi) HashJoin(mc cn cc t kt mi ct) HashJoin(mc cn cc t kt mi ct it) NestLoop(mc cn cc t kt mi ct it mk) HashJoin(mc cn cc t kt mi ct it mk cct) HashJoin(mc cn cc t kt mi ct it mk cct k) Leading(((((((((((mc cn) cc) t) kt) mi) ct) it) mk) cct) k)) */
0,"['complete+verified', '[us]', 'release dates', ""episode', 'episode', 'episode', 'episode', 'episode"", '%u%', '%OFM%', '%U%', '2003']",187,0.5324517,/*+  SeqScan(mc) SeqScan(cn) SeqScan(cc) IndexScan(t title_pkey) SeqScan(kt) IndexScan(mi movie_id_movie_info) SeqScan(ct) SeqScan(it) IndexScan(mk movie_id_movie_keyword) SeqScan(cct) SeqScan(k) HashJoin(mc cn) HashJoin(mc cn cc) NestLoop(mc cn cc t) HashJoin(mc cn cc t kt) NestLoop(mc cn cc t kt mi) HashJoin(mc cn cc t kt mi ct) HashJoin(mc cn cc t kt mi ct it) NestLoop(mc cn cc t kt mi ct it mk) HashJoin(mc cn cc t kt mi ct it mk cct) HashJoin(mc cn cc t kt mi ct it mk cct k) Leading(((((((((((mc cn) cc) t) kt) mi) ct) it) mk) cct) k)) */
0,"['complete', '[gb]', 'locations', ""episode', 'episode', 'tv series', 'video game', 'video game"", '%-%', '%h%', '%t%', '2008']",187,0.54112595,/*+  SeqScan(mc) SeqScan(cn) SeqScan(cc) IndexScan(t title_pkey) SeqScan(kt) IndexScan(mi movie_id_movie_info) SeqScan(ct) SeqScan(it) IndexScan(mk movie_id_movie_keyword) SeqScan(cct) SeqScan(k) HashJoin(mc cn) HashJoin(mc cn cc) NestLoop(mc cn cc t) HashJoin(mc cn cc t kt) NestLoop(mc cn cc t kt mi) HashJoin(mc cn cc t kt mi ct) HashJoin(mc cn cc t kt mi ct it) NestLoop(mc cn cc t kt mi ct it mk) HashJoin(mc cn cc t kt mi ct it mk cct) HashJoin(mc cn cc t kt mi ct it mk cct k) Leading(((((((((((mc cn) cc) t) kt) mi) ct) it) mk) cct) k)) */
0,"['complete+verified', '[us]', 'release dates', ""movie', 'episode"", '%internet%', 'Japan:%200%', 'USA:%2008%', '1950']",187,0.5367734,/*+  SeqScan(mc) SeqScan(cn) SeqScan(cc) IndexScan(t title_pkey) SeqScan(kt) IndexScan(mi movie_id_movie_info) SeqScan(ct) SeqScan(it) IndexScan(mk movie_id_movie_keyword) SeqScan(cct) SeqScan(k) HashJoin(mc cn) HashJoin(mc cn cc) NestLoop(mc cn cc t) HashJoin(mc cn cc t kt) NestLoop(mc cn cc t kt mi) HashJoin(mc cn cc t kt mi ct) HashJoin(mc cn cc t kt mi ct it) NestLoop(mc cn cc t kt mi ct it mk) HashJoin(mc cn cc t kt mi ct it mk cct) HashJoin(mc cn cc t kt mi ct it mk cct k) Leading(((((((((((mc cn) cc) t) kt) mi) ct) it) mk) cct) k)) */
0,"['complete+verified', '[us]', 'release dates', ""movie', 'episode"", '%internet%', 'Japan:%2007%', 'USA:%200%', '1990']",187,0.532712,/*+  SeqScan(mc) SeqScan(cn) SeqScan(cc) IndexScan(t title_pkey) SeqScan(kt) IndexScan(mi movie_id_movie_info) SeqScan(ct) SeqScan(it) IndexScan(mk movie_id_movie_keyword) SeqScan(cct) SeqScan(k) HashJoin(mc cn) HashJoin(mc cn cc) NestLoop(mc cn cc t) HashJoin(mc cn cc t kt) NestLoop(mc cn cc t kt mi) HashJoin(mc cn cc t kt mi ct) HashJoin(mc cn cc t kt mi ct it) NestLoop(mc cn cc t kt mi ct it mk) HashJoin(mc cn cc t kt mi ct it mk cct) HashJoin(mc cn cc t kt mi ct it mk cct k) Leading(((((((((((mc cn) cc) t) kt) mi) ct) it) mk) cct) k)) */
0,"['complete', '[us]', 'plot', ""movie', 'tv series', 'video movie', 'episode', 'tv series"", '%C%', '%.%', '%y%', '1977']",187,0.540252,/*+  SeqScan(mc) SeqScan(cn) SeqScan(cc) IndexScan(t title_pkey) SeqScan(kt) IndexScan(mi movie_id_movie_info) SeqScan(ct) SeqScan(it) IndexScan(mk movie_id_movie_keyword) SeqScan(cct) SeqScan(k) HashJoin(mc cn) HashJoin(mc cn cc) NestLoop(mc cn cc t) HashJoin(mc cn cc t kt) NestLoop(mc cn cc t kt mi) HashJoin(mc cn cc t kt mi ct) HashJoin(mc cn cc t kt mi ct it) NestLoop(mc cn cc t kt mi ct it mk) HashJoin(mc cn cc t kt mi ct it mk cct) HashJoin(mc cn cc t kt mi ct it mk cct k) Leading(((((((((((mc cn) cc) t) kt) mi) ct) it) mk) cct) k)) */
0,"['complete+verified', '[fr]', 'release dates', ""movie', 'video movie', 'tv mini series', 'tv mini series', 'tv movie"", '%C%', '%A%', '%D%', '1981']",187,0.53419507,/*+  SeqScan(mc) SeqScan(cn) SeqScan(cc) IndexScan(t title_pkey) SeqScan(kt) IndexScan(mi movie_id_movie_info) SeqScan(ct) SeqScan(it) IndexScan(mk movie_id_movie_keyword) SeqScan(cct) SeqScan(k) HashJoin(mc cn) HashJoin(mc cn cc) NestLoop(mc cn cc t) HashJoin(mc cn cc t kt) NestLoop(mc cn cc t kt mi) HashJoin(mc cn cc t kt mi ct) HashJoin(mc cn cc t kt mi ct it) NestLoop(mc cn cc t kt mi ct it mk) HashJoin(mc cn cc t kt mi ct it mk cct) HashJoin(mc cn cc t kt mi ct it mk cct k) Leading(((((((((((mc cn) cc) t) kt) mi) ct) it) mk) cct) k)) */
0,"['complete+verified', '[fr]', 'release dates', ""movie', 'episode', 'movie', 'movie', 'movie"", '%DVD%', '%U%', '%the%', '1957']",187,0.534649,/*+  SeqScan(mc) SeqScan(cn) SeqScan(cc) IndexScan(t title_pkey) SeqScan(kt) IndexScan(mi movie_id_movie_info) SeqScan(ct) SeqScan(it) IndexScan(mk movie_id_movie_keyword) SeqScan(cct) SeqScan(k) HashJoin(mc cn) HashJoin(mc cn cc) NestLoop(mc cn cc t) HashJoin(mc cn cc t kt) NestLoop(mc cn cc t kt mi) HashJoin(mc cn cc t kt mi ct) HashJoin(mc cn cc t kt mi ct it) NestLoop(mc cn cc t kt mi ct it mk) HashJoin(mc cn cc t kt mi ct it mk cct) HashJoin(mc cn cc t kt mi ct it mk cct k) Leading(((((((((((mc cn) cc) t) kt) mi) ct) it) mk) cct) k)) */
0,"['complete+verified', '[se]', 'tech info', ""movie', 'video movie', 'video movie', 'movie', 'video movie"", '%)%', '%M%', '%O%', '2003']",187,0.5257675,/*+  SeqScan(mc) SeqScan(cn) SeqScan(cc) IndexScan(t title_pkey) SeqScan(kt) IndexScan(mi movie_id_movie_info) SeqScan(ct) SeqScan(it) IndexScan(mk movie_id_movie_keyword) SeqScan(cct) SeqScan(k) HashJoin(mc cn) HashJoin(mc cn cc) NestLoop(mc cn cc t) HashJoin(mc cn cc t kt) NestLoop(mc cn cc t kt mi) HashJoin(mc cn cc t kt mi ct) HashJoin(mc cn cc t kt mi ct it) NestLoop(mc cn cc t kt mi ct it mk) HashJoin(mc cn cc t kt mi ct it mk cct) HashJoin(mc cn cc t kt mi ct it mk cct k) Leading(((((((((((mc cn) cc) t) kt) mi) ct) it) mk) cct) k)) */
0,"['complete+verified', '[se]', 'tech info', ""movie', 'tv movie', 'tv mini series', 'video movie', 'tv movie"", '%w%', '%3%', '%3%', '1990']",187,0.53099424,/*+  SeqScan(mc) SeqScan(cn) SeqScan(cc) IndexScan(t title_pkey) SeqScan(kt) IndexScan(mi movie_id_movie_info) SeqScan(ct) SeqScan(it) IndexScan(mk movie_id_movie_keyword) SeqScan(cct) SeqScan(k) HashJoin(mc cn) HashJoin(mc cn cc) NestLoop(mc cn cc t) HashJoin(mc cn cc t kt) NestLoop(mc cn cc t kt mi) HashJoin(mc cn cc t kt mi ct) HashJoin(mc cn cc t kt mi ct it) NestLoop(mc cn cc t kt mi ct it mk) HashJoin(mc cn cc t kt mi ct it mk cct) HashJoin(mc cn cc t kt mi ct it mk cct k) Leading(((((((((((mc cn) cc) t) kt) mi) ct) it) mk) cct) k)) */
0,"['complete+verified', '[us]', 'release dates', ""movie', 'episode', 'movie', 'episode', 'episode"", '%DVD%', '%C%', '%Terry%', '2002']",187,0.53484845,/*+  SeqScan(mc) SeqScan(cn) SeqScan(cc) IndexScan(t title_pkey) SeqScan(kt) IndexScan(mi movie_id_movie_info) SeqScan(ct) SeqScan(it) IndexScan(mk movie_id_movie_keyword) SeqScan(cct) SeqScan(k) HashJoin(mc cn) HashJoin(mc cn cc) NestLoop(mc cn cc t) HashJoin(mc cn cc t kt) NestLoop(mc cn cc t kt mi) HashJoin(mc cn cc t kt mi ct) HashJoin(mc cn cc t kt mi ct it) NestLoop(mc cn cc t kt mi ct it mk) HashJoin(mc cn cc t kt mi ct it mk cct) HashJoin(mc cn cc t kt mi ct it mk cct k) Leading(((((((((((mc cn) cc) t) kt) mi) ct) it) mk) cct) k)) */
0,"['complete+verified', '[ar]', 'certificates', ""movie', 'episode', 'tv movie', 'tv movie', 'video game"", '%)%', '%a%', '%a%', '2007']",187,0.53522205,/*+  SeqScan(mc) SeqScan(cn) SeqScan(cc) IndexScan(t title_pkey) SeqScan(kt) IndexScan(mi movie_id_movie_info) SeqScan(ct) SeqScan(it) IndexScan(mk movie_id_movie_keyword) SeqScan(cct) SeqScan(k) HashJoin(mc cn) HashJoin(mc cn cc) NestLoop(mc cn cc t) HashJoin(mc cn cc t kt) NestLoop(mc cn cc t kt mi) HashJoin(mc cn cc t kt mi ct) HashJoin(mc cn cc t kt mi ct it) NestLoop(mc cn cc t kt mi ct it mk) HashJoin(mc cn cc t kt mi ct it mk cct) HashJoin(mc cn cc t kt mi ct it mk cct k) Leading(((((((((((mc cn) cc) t) kt) mi) ct) it) mk) cct) k)) */
0,"['complete+verified', '[de]', 'release dates', ""episode', 'episode', 'episode', 'episode', 'episode"", '%re%', '%A%', '%PCS%', '2001']",187,0.5371808,/*+  SeqScan(mc) SeqScan(cn) SeqScan(cc) IndexScan(t title_pkey) SeqScan(kt) IndexScan(mi movie_id_movie_info) SeqScan(ct) SeqScan(it) IndexScan(mk movie_id_movie_keyword) SeqScan(cct) SeqScan(k) HashJoin(mc cn) HashJoin(mc cn cc) NestLoop(mc cn cc t) HashJoin(mc cn cc t kt) NestLoop(mc cn cc t kt mi) HashJoin(mc cn cc t kt mi ct) HashJoin(mc cn cc t kt mi ct it) NestLoop(mc cn cc t kt mi ct it mk) HashJoin(mc cn cc t kt mi ct it mk cct) HashJoin(mc cn cc t kt mi ct it mk cct k) Leading(((((((((((mc cn) cc) t) kt) mi) ct) it) mk) cct) k)) */
0,"['complete+verified', '[es]', 'tech info', ""movie', 'tv mini series', 'video movie', 'tv movie', 'episode"", '%s%', '%:%', '%F%', '1990']",187,0.5345222,/*+  SeqScan(mc) SeqScan(cn) SeqScan(cc) IndexScan(t title_pkey) SeqScan(kt) IndexScan(mi movie_id_movie_info) SeqScan(ct) SeqScan(it) IndexScan(mk movie_id_movie_keyword) SeqScan(cct) SeqScan(k) HashJoin(mc cn) HashJoin(mc cn cc) NestLoop(mc cn cc t) HashJoin(mc cn cc t kt) NestLoop(mc cn cc t kt mi) HashJoin(mc cn cc t kt mi ct) HashJoin(mc cn cc t kt mi ct it) NestLoop(mc cn cc t kt mi ct it mk) HashJoin(mc cn cc t kt mi ct it mk cct) HashJoin(mc cn cc t kt mi ct it mk cct k) Leading(((((((((((mc cn) cc) t) kt) mi) ct) it) mk) cct) k)) */
0,"['complete', '[gb]', 'release dates', ""episode', 'episode', 'episode', 'episode', 'episode"", '%n%', '%o%', '%C%', '2007']",187,0.5418964,/*+  SeqScan(mc) SeqScan(cn) SeqScan(cc) IndexScan(t title_pkey) SeqScan(kt) IndexScan(mi movie_id_movie_info) SeqScan(ct) SeqScan(it) IndexScan(mk movie_id_movie_keyword) SeqScan(cct) SeqScan(k) HashJoin(mc cn) HashJoin(mc cn cc) NestLoop(mc cn cc t) HashJoin(mc cn cc t kt) NestLoop(mc cn cc t kt mi) HashJoin(mc cn cc t kt mi ct) HashJoin(mc cn cc t kt mi ct it) NestLoop(mc cn cc t kt mi ct it mk) HashJoin(mc cn cc t kt mi ct it mk cct) HashJoin(mc cn cc t kt mi ct it mk cct k) Leading(((((((((((mc cn) cc) t) kt) mi) ct) it) mk) cct) k)) */
0,"['complete+verified', '[us]', 'release dates', 'movie', '%internet%', 'USA:%200%', 'Japan:%2007%', '1990']",187,0.53913885,/*+  SeqScan(mc) SeqScan(cn) SeqScan(cc) IndexScan(t title_pkey) SeqScan(kt) IndexScan(mi movie_id_movie_info) SeqScan(ct) SeqScan(it) IndexScan(mk movie_id_movie_keyword) SeqScan(cct) SeqScan(k) HashJoin(mc cn) HashJoin(mc cn cc) NestLoop(mc cn cc t) HashJoin(mc cn cc t kt) NestLoop(mc cn cc t kt mi) HashJoin(mc cn cc t kt mi ct) HashJoin(mc cn cc t kt mi ct it) NestLoop(mc cn cc t kt mi ct it mk) HashJoin(mc cn cc t kt mi ct it mk cct) HashJoin(mc cn cc t kt mi ct it mk cct k) Leading(((((((((((mc cn) cc) t) kt) mi) ct) it) mk) cct) k)) */
0,"['complete', '[us]', 'release dates', ""movie', 'video movie', 'movie', 'tv movie', 'tv series"", '%mm%', '%C%', '%A%', '1918']",187,0.5299036,/*+  SeqScan(mc) SeqScan(cn) SeqScan(cc) IndexScan(t title_pkey) SeqScan(kt) IndexScan(mi movie_id_movie_info) SeqScan(ct) SeqScan(it) IndexScan(mk movie_id_movie_keyword) SeqScan(cct) SeqScan(k) HashJoin(mc cn) HashJoin(mc cn cc) NestLoop(mc cn cc t) HashJoin(mc cn cc t kt) NestLoop(mc cn cc t kt mi) HashJoin(mc cn cc t kt mi ct) HashJoin(mc cn cc t kt mi ct it) NestLoop(mc cn cc t kt mi ct it mk) HashJoin(mc cn cc t kt mi ct it mk cct) HashJoin(mc cn cc t kt mi ct it mk cct k) Leading(((((((((((mc cn) cc) t) kt) mi) ct) it) mk) cct) k)) */
0,"['complete', '[us]', 'release dates', ""episode', 'episode', 'episode', 'episode', 'episode"", '%premiere%', '%S%', '%35%', '1998']",187,0.5325157,/*+  SeqScan(mc) SeqScan(cn) SeqScan(cc) IndexScan(t title_pkey) SeqScan(kt) IndexScan(mi movie_id_movie_info) SeqScan(ct) SeqScan(it) IndexScan(mk movie_id_movie_keyword) SeqScan(cct) SeqScan(k) HashJoin(mc cn) HashJoin(mc cn cc) NestLoop(mc cn cc t) HashJoin(mc cn cc t kt) NestLoop(mc cn cc t kt mi) HashJoin(mc cn cc t kt mi ct) HashJoin(mc cn cc t kt mi ct it) NestLoop(mc cn cc t kt mi ct it mk) HashJoin(mc cn cc t kt mi ct it mk cct) HashJoin(mc cn cc t kt mi ct it mk cct k) Leading(((((((((((mc cn) cc) t) kt) mi) ct) it) mk) cct) k)) */
0,"['complete', '[us]', 'release dates', ""movie', 'episode"", '%internet%', 'Japan:%201%', 'USA:%200%', '2000']",187,0.53929585,/*+  SeqScan(mc) SeqScan(cn) SeqScan(cc) IndexScan(t title_pkey) SeqScan(kt) IndexScan(mi movie_id_movie_info) SeqScan(ct) SeqScan(it) IndexScan(mk movie_id_movie_keyword) SeqScan(cct) SeqScan(k) HashJoin(mc cn) HashJoin(mc cn cc) NestLoop(mc cn cc t) HashJoin(mc cn cc t kt) NestLoop(mc cn cc t kt mi) HashJoin(mc cn cc t kt mi ct) HashJoin(mc cn cc t kt mi ct it) NestLoop(mc cn cc t kt mi ct it mk) HashJoin(mc cn cc t kt mi ct it mk cct) HashJoin(mc cn cc t kt mi ct it mk cct k) Leading(((((((((((mc cn) cc) t) kt) mi) ct) it) mk) cct) k)) */
0,"['complete+verified', '[us]', 'release dates', 'movie', '%internet%', 'USA:% 199%', 'USA:%200%', '2005']",187,0.5391564,/*+  SeqScan(mc) SeqScan(cn) SeqScan(cc) IndexScan(t title_pkey) SeqScan(kt) IndexScan(mi movie_id_movie_info) SeqScan(ct) SeqScan(it) IndexScan(mk movie_id_movie_keyword) SeqScan(cct) SeqScan(k) HashJoin(mc cn) HashJoin(mc cn cc) NestLoop(mc cn cc t) HashJoin(mc cn cc t kt) NestLoop(mc cn cc t kt mi) HashJoin(mc cn cc t kt mi ct) HashJoin(mc cn cc t kt mi ct it) NestLoop(mc cn cc t kt mi ct it mk) HashJoin(mc cn cc t kt mi ct it mk cct) HashJoin(mc cn cc t kt mi ct it mk cct k) Leading(((((((((((mc cn) cc) t) kt) mi) ct) it) mk) cct) k)) */
0,"['complete', '[us]', 'release dates', ""movie', 'tv movie', 'video movie', 'video game"", '%internet%', 'USA:%200%', 'Japan:%200%', '2005']",187,0.54007643,/*+  SeqScan(mc) SeqScan(cn) SeqScan(cc) IndexScan(t title_pkey) SeqScan(kt) IndexScan(mi movie_id_movie_info) SeqScan(ct) SeqScan(it) IndexScan(mk movie_id_movie_keyword) SeqScan(cct) SeqScan(k) HashJoin(mc cn) HashJoin(mc cn cc) NestLoop(mc cn cc t) HashJoin(mc cn cc t kt) NestLoop(mc cn cc t kt mi) HashJoin(mc cn cc t kt mi ct) HashJoin(mc cn cc t kt mi ct it) NestLoop(mc cn cc t kt mi ct it mk) HashJoin(mc cn cc t kt mi ct it mk cct) HashJoin(mc cn cc t kt mi ct it mk cct k) Leading(((((((((((mc cn) cc) t) kt) mi) ct) it) mk) cct) k)) */
0,"['complete', '[il]', 'release dates', ""episode', 'episode', 'episode', 'episode', 'episode"", '%o%', '%i%', '%cheap%', '1999']",187,0.5370692,/*+  SeqScan(mc) SeqScan(cn) SeqScan(cc) IndexScan(t title_pkey) SeqScan(kt) IndexScan(mi movie_id_movie_info) SeqScan(ct) SeqScan(it) IndexScan(mk movie_id_movie_keyword) SeqScan(cct) SeqScan(k) HashJoin(mc cn) HashJoin(mc cn cc) NestLoop(mc cn cc t) HashJoin(mc cn cc t kt) NestLoop(mc cn cc t kt mi) HashJoin(mc cn cc t kt mi ct) HashJoin(mc cn cc t kt mi ct it) NestLoop(mc cn cc t kt mi ct it mk) HashJoin(mc cn cc t kt mi ct it mk cct) HashJoin(mc cn cc t kt mi ct it mk cct k) Leading(((((((((((mc cn) cc) t) kt) mi) ct) it) mk) cct) k)) */
0,"['complete+verified', '[us]', 'release dates', 'movie', '%internet%', 'USA:% 200%', 'USA:% 199%', '1990']",187,0.53913885,/*+  SeqScan(mc) SeqScan(cn) SeqScan(cc) IndexScan(t title_pkey) SeqScan(kt) IndexScan(mi movie_id_movie_info) SeqScan(ct) SeqScan(it) IndexScan(mk movie_id_movie_keyword) SeqScan(cct) SeqScan(k) HashJoin(mc cn) HashJoin(mc cn cc) NestLoop(mc cn cc t) HashJoin(mc cn cc t kt) NestLoop(mc cn cc t kt mi) HashJoin(mc cn cc t kt mi ct) HashJoin(mc cn cc t kt mi ct it) NestLoop(mc cn cc t kt mi ct it mk) HashJoin(mc cn cc t kt mi ct it mk cct) HashJoin(mc cn cc t kt mi ct it mk cct k) Leading(((((((((((mc cn) cc) t) kt) mi) ct) it) mk) cct) k)) */
0,"['complete+verified', '[us]', 'release dates', ""movie', 'movie', 'episode', 'movie', 'episode"", '%t%', '%that%', '%U%', '1999']",187,0.5256152,/*+  SeqScan(mc) SeqScan(cn) SeqScan(cc) IndexScan(t title_pkey) SeqScan(kt) IndexScan(mi movie_id_movie_info) SeqScan(ct) SeqScan(it) IndexScan(mk movie_id_movie_keyword) SeqScan(cct) SeqScan(k) HashJoin(mc cn) HashJoin(mc cn cc) NestLoop(mc cn cc t) HashJoin(mc cn cc t kt) NestLoop(mc cn cc t kt mi) HashJoin(mc cn cc t kt mi ct) HashJoin(mc cn cc t kt mi ct it) NestLoop(mc cn cc t kt mi ct it mk) HashJoin(mc cn cc t kt mi ct it mk cct) HashJoin(mc cn cc t kt mi ct it mk cct k) Leading(((((((((((mc cn) cc) t) kt) mi) ct) it) mk) cct) k)) */
0,"['complete+verified', '[us]', 'release dates', ""movie', 'episode', 'video game', 'tv series', 'tv series"", '%n%', '%5%', '%4%', '2003']",187,0.5274742,/*+  SeqScan(mc) SeqScan(cn) SeqScan(cc) IndexScan(t title_pkey) SeqScan(kt) IndexScan(mi movie_id_movie_info) SeqScan(ct) SeqScan(it) IndexScan(mk movie_id_movie_keyword) SeqScan(cct) SeqScan(k) HashJoin(mc cn) HashJoin(mc cn cc) NestLoop(mc cn cc t) HashJoin(mc cn cc t kt) NestLoop(mc cn cc t kt mi) HashJoin(mc cn cc t kt mi ct) HashJoin(mc cn cc t kt mi ct it) NestLoop(mc cn cc t kt mi ct it mk) HashJoin(mc cn cc t kt mi ct it mk cct) HashJoin(mc cn cc t kt mi ct it mk cct k) Leading(((((((((((mc cn) cc) t) kt) mi) ct) it) mk) cct) k)) */
0,"['complete+verified', '[us]', 'release dates', ""movie', 'episode"", '%internet%', 'USA:% 200%', 'USA:%200%', '1950']",187,0.5367734,/*+  SeqScan(mc) SeqScan(cn) SeqScan(cc) IndexScan(t title_pkey) SeqScan(kt) IndexScan(mi movie_id_movie_info) SeqScan(ct) SeqScan(it) IndexScan(mk movie_id_movie_keyword) SeqScan(cct) SeqScan(k) HashJoin(mc cn) HashJoin(mc cn cc) NestLoop(mc cn cc t) HashJoin(mc cn cc t kt) NestLoop(mc cn cc t kt mi) HashJoin(mc cn cc t kt mi ct) HashJoin(mc cn cc t kt mi ct it) NestLoop(mc cn cc t kt mi ct it mk) HashJoin(mc cn cc t kt mi ct it mk cct) HashJoin(mc cn cc t kt mi ct it mk cct k) Leading(((((((((((mc cn) cc) t) kt) mi) ct) it) mk) cct) k)) */
0,"['complete+verified', '[us]', 'release dates', ""movie', 'tv movie', 'video movie', 'video game"", '%internet%', 'USA:%200%', 'Japan:%200%', '2000']",187,0.5345659,/*+  SeqScan(mc) SeqScan(cn) SeqScan(cc) IndexScan(t title_pkey) SeqScan(kt) IndexScan(mi movie_id_movie_info) SeqScan(ct) SeqScan(it) IndexScan(mk movie_id_movie_keyword) SeqScan(cct) SeqScan(k) HashJoin(mc cn) HashJoin(mc cn cc) NestLoop(mc cn cc t) HashJoin(mc cn cc t kt) NestLoop(mc cn cc t kt mi) HashJoin(mc cn cc t kt mi ct) HashJoin(mc cn cc t kt mi ct it) NestLoop(mc cn cc t kt mi ct it mk) HashJoin(mc cn cc t kt mi ct it mk cct) HashJoin(mc cn cc t kt mi ct it mk cct k) Leading(((((((((((mc cn) cc) t) kt) mi) ct) it) mk) cct) k)) */
0,"['complete+verified', '[us]', 'release dates', ""movie', 'episode"", '%internet%', 'Japan:%200%', 'USA:%200%', '1990']",187,0.532712,/*+  SeqScan(mc) SeqScan(cn) SeqScan(cc) IndexScan(t title_pkey) SeqScan(kt) IndexScan(mi movie_id_movie_info) SeqScan(ct) SeqScan(it) IndexScan(mk movie_id_movie_keyword) SeqScan(cct) SeqScan(k) HashJoin(mc cn) HashJoin(mc cn cc) NestLoop(mc cn cc t) HashJoin(mc cn cc t kt) NestLoop(mc cn cc t kt mi) HashJoin(mc cn cc t kt mi ct) HashJoin(mc cn cc t kt mi ct it) NestLoop(mc cn cc t kt mi ct it mk) HashJoin(mc cn cc t kt mi ct it mk cct) HashJoin(mc cn cc t kt mi ct it mk cct k) Leading(((((((((((mc cn) cc) t) kt) mi) ct) it) mk) cct) k)) */
0,"['complete+verified', '[us]', 'release dates', ""movie', 'episode"", '%internet%', 'USA:% 199%', 'USA:%201%', '1990']",187,0.532712,/*+  SeqScan(mc) SeqScan(cn) SeqScan(cc) IndexScan(t title_pkey) SeqScan(kt) IndexScan(mi movie_id_movie_info) SeqScan(ct) SeqScan(it) IndexScan(mk movie_id_movie_keyword) SeqScan(cct) SeqScan(k) HashJoin(mc cn) HashJoin(mc cn cc) NestLoop(mc cn cc t) HashJoin(mc cn cc t kt) NestLoop(mc cn cc t kt mi) HashJoin(mc cn cc t kt mi ct) HashJoin(mc cn cc t kt mi ct it) NestLoop(mc cn cc t kt mi ct it mk) HashJoin(mc cn cc t kt mi ct it mk cct) HashJoin(mc cn cc t kt mi ct it mk cct k) Leading(((((((((((mc cn) cc) t) kt) mi) ct) it) mk) cct) k)) */
0,"['complete', '[us]', 'release dates', ""episode', 'episode', 'episode', 'episode', 'episode"", '%premiere%', '%o%', '%l%', '1937']",187,0.527987,/*+  SeqScan(mc) SeqScan(cn) SeqScan(cc) IndexScan(t title_pkey) SeqScan(kt) IndexScan(mi movie_id_movie_info) SeqScan(ct) SeqScan(it) IndexScan(mk movie_id_movie_keyword) SeqScan(cct) SeqScan(k) HashJoin(mc cn) HashJoin(mc cn cc) NestLoop(mc cn cc t) HashJoin(mc cn cc t kt) NestLoop(mc cn cc t kt mi) HashJoin(mc cn cc t kt mi ct) HashJoin(mc cn cc t kt mi ct it) NestLoop(mc cn cc t kt mi ct it mk) HashJoin(mc cn cc t kt mi ct it mk cct) HashJoin(mc cn cc t kt mi ct it mk cct k) Leading(((((((((((mc cn) cc) t) kt) mi) ct) it) mk) cct) k)) */
0,"['complete+verified', '[gb]', 'release dates', ""episode', 'movie', 'episode', 'episode', 'episode"", '%P%', '%Black%', '%U%', '2004']",187,0.53237516,/*+  SeqScan(mc) SeqScan(cn) SeqScan(cc) IndexScan(t title_pkey) SeqScan(kt) IndexScan(mi movie_id_movie_info) SeqScan(ct) SeqScan(it) IndexScan(mk movie_id_movie_keyword) SeqScan(cct) SeqScan(k) HashJoin(mc cn) HashJoin(mc cn cc) NestLoop(mc cn cc t) HashJoin(mc cn cc t kt) NestLoop(mc cn cc t kt mi) HashJoin(mc cn cc t kt mi ct) HashJoin(mc cn cc t kt mi ct it) NestLoop(mc cn cc t kt mi ct it mk) HashJoin(mc cn cc t kt mi ct it mk cct) HashJoin(mc cn cc t kt mi ct it mk cct k) Leading(((((((((((mc cn) cc) t) kt) mi) ct) it) mk) cct) k)) */
0,"['complete+verified', '[us]', 'release dates', ""movie', 'episode"", '%internet%', 'USA:% 199%', 'USA:%200%', '2000']",187,0.5345659,/*+  SeqScan(mc) SeqScan(cn) SeqScan(cc) IndexScan(t title_pkey) SeqScan(kt) IndexScan(mi movie_id_movie_info) SeqScan(ct) SeqScan(it) IndexScan(mk movie_id_movie_keyword) SeqScan(cct) SeqScan(k) HashJoin(mc cn) HashJoin(mc cn cc) NestLoop(mc cn cc t) HashJoin(mc cn cc t kt) NestLoop(mc cn cc t kt mi) HashJoin(mc cn cc t kt mi ct) HashJoin(mc cn cc t kt mi ct it) NestLoop(mc cn cc t kt mi ct it mk) HashJoin(mc cn cc t kt mi ct it mk cct) HashJoin(mc cn cc t kt mi ct it mk cct k) Leading(((((((((((mc cn) cc) t) kt) mi) ct) it) mk) cct) k)) */
0,"['complete+verified', '[us]', 'release dates', 'movie', '%internet%', 'Japan:%2007%', 'USA:% 199%', '1990']",187,0.53913885,/*+  SeqScan(mc) SeqScan(cn) SeqScan(cc) IndexScan(t title_pkey) SeqScan(kt) IndexScan(mi movie_id_movie_info) SeqScan(ct) SeqScan(it) IndexScan(mk movie_id_movie_keyword) SeqScan(cct) SeqScan(k) HashJoin(mc cn) HashJoin(mc cn cc) NestLoop(mc cn cc t) HashJoin(mc cn cc t kt) NestLoop(mc cn cc t kt mi) HashJoin(mc cn cc t kt mi ct) HashJoin(mc cn cc t kt mi ct it) NestLoop(mc cn cc t kt mi ct it mk) HashJoin(mc cn cc t kt mi ct it mk cct) HashJoin(mc cn cc t kt mi ct it mk cct k) Leading(((((((((((mc cn) cc) t) kt) mi) ct) it) mk) cct) k)) */
0,"['complete', '[hk]', 'release dates', ""video movie', 'movie', 'tv series', 'episode', 'video movie"", '%i%', '%PFM%', '%o%', '1961']",187,0.54245067,/*+  SeqScan(mc) SeqScan(cn) SeqScan(cc) IndexScan(t title_pkey) SeqScan(kt) IndexScan(mi movie_id_movie_info) SeqScan(ct) SeqScan(it) IndexScan(mk movie_id_movie_keyword) SeqScan(cct) SeqScan(k) HashJoin(mc cn) HashJoin(mc cn cc) NestLoop(mc cn cc t) HashJoin(mc cn cc t kt) NestLoop(mc cn cc t kt mi) HashJoin(mc cn cc t kt mi ct) HashJoin(mc cn cc t kt mi ct it) NestLoop(mc cn cc t kt mi ct it mk) HashJoin(mc cn cc t kt mi ct it mk cct) HashJoin(mc cn cc t kt mi ct it mk cct k) Leading(((((((((((mc cn) cc) t) kt) mi) ct) it) mk) cct) k)) */
0,"['complete', '[us]', 'release dates', ""episode', 'episode', 'episode', 'episode', 'episode"", '%video%', '%o%', '%l%', '1984']",187,0.5272412,/*+  SeqScan(mc) SeqScan(cn) SeqScan(cc) IndexScan(t title_pkey) SeqScan(kt) IndexScan(mi movie_id_movie_info) SeqScan(ct) SeqScan(it) IndexScan(mk movie_id_movie_keyword) SeqScan(cct) SeqScan(k) HashJoin(mc cn) HashJoin(mc cn cc) NestLoop(mc cn cc t) HashJoin(mc cn cc t kt) NestLoop(mc cn cc t kt mi) HashJoin(mc cn cc t kt mi ct) HashJoin(mc cn cc t kt mi ct it) NestLoop(mc cn cc t kt mi ct it mk) HashJoin(mc cn cc t kt mi ct it mk cct) HashJoin(mc cn cc t kt mi ct it mk cct k) Leading(((((((((((mc cn) cc) t) kt) mi) ct) it) mk) cct) k)) */
0,"['complete+verified', '[us]', 'release dates', ""movie', 'episode"", '%internet%', 'USA:% 200%', 'USA:%200%', '2005']",187,0.53510875,/*+  SeqScan(mc) SeqScan(cn) SeqScan(cc) IndexScan(t title_pkey) SeqScan(kt) IndexScan(mi movie_id_movie_info) SeqScan(ct) SeqScan(it) IndexScan(mk movie_id_movie_keyword) SeqScan(cct) SeqScan(k) HashJoin(mc cn) HashJoin(mc cn cc) NestLoop(mc cn cc t) HashJoin(mc cn cc t kt) NestLoop(mc cn cc t kt mi) HashJoin(mc cn cc t kt mi ct) HashJoin(mc cn cc t kt mi ct it) NestLoop(mc cn cc t kt mi ct it mk) HashJoin(mc cn cc t kt mi ct it mk cct) HashJoin(mc cn cc t kt mi ct it mk cct k) Leading(((((((((((mc cn) cc) t) kt) mi) ct) it) mk) cct) k)) */
0,"['complete', '[us]', 'release dates', ""movie', 'episode"", '%internet%', 'USA:%200%', 'USA:%2008%', '2000']",187,0.53929585,/*+  SeqScan(mc) SeqScan(cn) SeqScan(cc) IndexScan(t title_pkey) SeqScan(kt) IndexScan(mi movie_id_movie_info) SeqScan(ct) SeqScan(it) IndexScan(mk movie_id_movie_keyword) SeqScan(cct) SeqScan(k) HashJoin(mc cn) HashJoin(mc cn cc) NestLoop(mc cn cc t) HashJoin(mc cn cc t kt) NestLoop(mc cn cc t kt mi) HashJoin(mc cn cc t kt mi ct) HashJoin(mc cn cc t kt mi ct it) NestLoop(mc cn cc t kt mi ct it mk) HashJoin(mc cn cc t kt mi ct it mk cct) HashJoin(mc cn cc t kt mi ct it mk cct k) Leading(((((((((((mc cn) cc) t) kt) mi) ct) it) mk) cct) k)) */
0,"['complete+verified', '[us]', 'release dates', ""movie', 'episode"", '%internet%', 'USA:% 199%', 'USA:%200%', '2005']",187,0.53510875,/*+  SeqScan(mc) SeqScan(cn) SeqScan(cc) IndexScan(t title_pkey) SeqScan(kt) IndexScan(mi movie_id_movie_info) SeqScan(ct) SeqScan(it) IndexScan(mk movie_id_movie_keyword) SeqScan(cct) SeqScan(k) HashJoin(mc cn) HashJoin(mc cn cc) NestLoop(mc cn cc t) HashJoin(mc cn cc t kt) NestLoop(mc cn cc t kt mi) HashJoin(mc cn cc t kt mi ct) HashJoin(mc cn cc t kt mi ct it) NestLoop(mc cn cc t kt mi ct it mk) HashJoin(mc cn cc t kt mi ct it mk cct) HashJoin(mc cn cc t kt mi ct it mk cct k) Leading(((((((((((mc cn) cc) t) kt) mi) ct) it) mk) cct) k)) */
0,"['complete', '[us]', 'locations', ""movie', 'video movie', 'movie', 'movie', 'episode"", '%(%', '%i%', '%o%', '1961']",187,0.5413546,/*+  SeqScan(mc) SeqScan(cn) SeqScan(cc) IndexScan(t title_pkey) SeqScan(kt) IndexScan(mi movie_id_movie_info) SeqScan(ct) SeqScan(it) IndexScan(mk movie_id_movie_keyword) SeqScan(cct) SeqScan(k) HashJoin(mc cn) HashJoin(mc cn cc) NestLoop(mc cn cc t) HashJoin(mc cn cc t kt) NestLoop(mc cn cc t kt mi) HashJoin(mc cn cc t kt mi ct) HashJoin(mc cn cc t kt mi ct it) NestLoop(mc cn cc t kt mi ct it mk) HashJoin(mc cn cc t kt mi ct it mk cct) HashJoin(mc cn cc t kt mi ct it mk cct k) Leading(((((((((((mc cn) cc) t) kt) mi) ct) it) mk) cct) k)) */
0,"['complete+verified', '[fr]', 'release dates', ""episode', 'episode', 'episode', 'episode', 'episode"", '%t%', '%A%', '%h%', '1999']",187,0.5289819,/*+  SeqScan(mc) SeqScan(cn) SeqScan(cc) IndexScan(t title_pkey) SeqScan(kt) IndexScan(mi movie_id_movie_info) SeqScan(ct) SeqScan(it) IndexScan(mk movie_id_movie_keyword) SeqScan(cct) SeqScan(k) HashJoin(mc cn) HashJoin(mc cn cc) NestLoop(mc cn cc t) HashJoin(mc cn cc t kt) NestLoop(mc cn cc t kt mi) HashJoin(mc cn cc t kt mi ct) HashJoin(mc cn cc t kt mi ct it) NestLoop(mc cn cc t kt mi ct it mk) HashJoin(mc cn cc t kt mi ct it mk cct) HashJoin(mc cn cc t kt mi ct it mk cct k) Leading(((((((((((mc cn) cc) t) kt) mi) ct) it) mk) cct) k)) */
0,"['complete+verified', '[us]', 'release dates', ""movie', 'episode"", '%internet%', 'USA:%2008%', 'USA:%200%', '2000']",187,0.5345659,/*+  SeqScan(mc) SeqScan(cn) SeqScan(cc) IndexScan(t title_pkey) SeqScan(kt) IndexScan(mi movie_id_movie_info) SeqScan(ct) SeqScan(it) IndexScan(mk movie_id_movie_keyword) SeqScan(cct) SeqScan(k) HashJoin(mc cn) HashJoin(mc cn cc) NestLoop(mc cn cc t) HashJoin(mc cn cc t kt) NestLoop(mc cn cc t kt mi) HashJoin(mc cn cc t kt mi ct) HashJoin(mc cn cc t kt mi ct it) NestLoop(mc cn cc t kt mi ct it mk) HashJoin(mc cn cc t kt mi ct it mk cct) HashJoin(mc cn cc t kt mi ct it mk cct k) Leading(((((((((((mc cn) cc) t) kt) mi) ct) it) mk) cct) k)) */
0,"['complete', '[us]', 'release dates', ""movie', 'episode"", '%internet%', 'USA:%201%', 'Japan:%200%', '2010']",187,0.53646415,/*+  SeqScan(mc) SeqScan(cn) SeqScan(cc) IndexScan(t title_pkey) SeqScan(kt) IndexScan(mi movie_id_movie_info) SeqScan(ct) SeqScan(it) IndexScan(mk movie_id_movie_keyword) SeqScan(cct) SeqScan(k) HashJoin(mc cn) HashJoin(mc cn cc) NestLoop(mc cn cc t) HashJoin(mc cn cc t kt) NestLoop(mc cn cc t kt mi) HashJoin(mc cn cc t kt mi ct) HashJoin(mc cn cc t kt mi ct it) NestLoop(mc cn cc t kt mi ct it mk) HashJoin(mc cn cc t kt mi ct it mk cct) HashJoin(mc cn cc t kt mi ct it mk cct k) Leading(((((((((((mc cn) cc) t) kt) mi) ct) it) mk) cct) k)) */
0,"['complete+verified', '[us]', 'release dates', 'movie', '%internet%', 'USA:%200%', 'USA:% 199%', '2005']",187,0.5391564,/*+  SeqScan(mc) SeqScan(cn) SeqScan(cc) IndexScan(t title_pkey) SeqScan(kt) IndexScan(mi movie_id_movie_info) SeqScan(ct) SeqScan(it) IndexScan(mk movie_id_movie_keyword) SeqScan(cct) SeqScan(k) HashJoin(mc cn) HashJoin(mc cn cc) NestLoop(mc cn cc t) HashJoin(mc cn cc t kt) NestLoop(mc cn cc t kt mi) HashJoin(mc cn cc t kt mi ct) HashJoin(mc cn cc t kt mi ct it) NestLoop(mc cn cc t kt mi ct it mk) HashJoin(mc cn cc t kt mi ct it mk cct) HashJoin(mc cn cc t kt mi ct it mk cct k) Leading(((((((((((mc cn) cc) t) kt) mi) ct) it) mk) cct) k)) */
0,"['complete', '[ch]', 'certificates', ""movie', 'tv mini series', 'video game', 'episode', 'tv movie"", '%n%', '%a%', '%a%', '2000']",187,0.5362103,/*+  SeqScan(mc) SeqScan(cn) SeqScan(cc) IndexScan(t title_pkey) SeqScan(kt) IndexScan(mi movie_id_movie_info) SeqScan(ct) SeqScan(it) IndexScan(mk movie_id_movie_keyword) SeqScan(cct) SeqScan(k) HashJoin(mc cn) HashJoin(mc cn cc) NestLoop(mc cn cc t) HashJoin(mc cn cc t kt) NestLoop(mc cn cc t kt mi) HashJoin(mc cn cc t kt mi ct) HashJoin(mc cn cc t kt mi ct it) NestLoop(mc cn cc t kt mi ct it mk) HashJoin(mc cn cc t kt mi ct it mk cct) HashJoin(mc cn cc t kt mi ct it mk cct k) Leading(((((((((((mc cn) cc) t) kt) mi) ct) it) mk) cct) k)) */
0,"['complete', '[us]', 'release dates', ""movie', 'episode"", '%internet%', 'USA:%200%', 'USA:% 199%', '2000']",187,0.53929585,/*+  SeqScan(mc) SeqScan(cn) SeqScan(cc) IndexScan(t title_pkey) SeqScan(kt) IndexScan(mi movie_id_movie_info) SeqScan(ct) SeqScan(it) IndexScan(mk movie_id_movie_keyword) SeqScan(cct) SeqScan(k) HashJoin(mc cn) HashJoin(mc cn cc) NestLoop(mc cn cc t) HashJoin(mc cn cc t kt) NestLoop(mc cn cc t kt mi) HashJoin(mc cn cc t kt mi ct) HashJoin(mc cn cc t kt mi ct it) NestLoop(mc cn cc t kt mi ct it mk) HashJoin(mc cn cc t kt mi ct it mk cct) HashJoin(mc cn cc t kt mi ct it mk cct k) Leading(((((((((((mc cn) cc) t) kt) mi) ct) it) mk) cct) k)) */
0,"['complete+verified', '[us]', 'certificates', ""movie', 'tv movie', 'episode', 'video movie', 'video game"", '%g%', '%1%', '%e%', '1944']",187,0.5388904,/*+  SeqScan(mc) SeqScan(cn) SeqScan(cc) IndexScan(t title_pkey) SeqScan(kt) IndexScan(mi movie_id_movie_info) SeqScan(ct) SeqScan(it) IndexScan(mk movie_id_movie_keyword) SeqScan(cct) SeqScan(k) HashJoin(mc cn) HashJoin(mc cn cc) NestLoop(mc cn cc t) HashJoin(mc cn cc t kt) NestLoop(mc cn cc t kt mi) HashJoin(mc cn cc t kt mi ct) HashJoin(mc cn cc t kt mi ct it) NestLoop(mc cn cc t kt mi ct it mk) HashJoin(mc cn cc t kt mi ct it mk cct) HashJoin(mc cn cc t kt mi ct it mk cct k) Leading(((((((((((mc cn) cc) t) kt) mi) ct) it) mk) cct) k)) */
0,"['complete', '[sg]', 'release dates', ""movie', 'movie', 'video game', 'tv mini series', 'tv mini series"", '%p%', '%r%', '%z%', '2009']",187,0.53580445,/*+  SeqScan(mc) SeqScan(cn) SeqScan(cc) IndexScan(t title_pkey) SeqScan(kt) IndexScan(mi movie_id_movie_info) SeqScan(ct) SeqScan(it) IndexScan(mk movie_id_movie_keyword) SeqScan(cct) SeqScan(k) HashJoin(mc cn) HashJoin(mc cn cc) NestLoop(mc cn cc t) HashJoin(mc cn cc t kt) NestLoop(mc cn cc t kt mi) HashJoin(mc cn cc t kt mi ct) HashJoin(mc cn cc t kt mi ct it) NestLoop(mc cn cc t kt mi ct it mk) HashJoin(mc cn cc t kt mi ct it mk cct) HashJoin(mc cn cc t kt mi ct it mk cct k) Leading(((((((((((mc cn) cc) t) kt) mi) ct) it) mk) cct) k)) */
0,"['complete', '[us]', 'release dates', ""movie', 'episode', 'episode', 'episode', 'episode"", '%New%', '%o%', '%RAT%', '2003']",187,0.5337989,/*+  SeqScan(mc) SeqScan(cn) SeqScan(cc) IndexScan(t title_pkey) SeqScan(kt) IndexScan(mi movie_id_movie_info) SeqScan(ct) SeqScan(it) IndexScan(mk movie_id_movie_keyword) SeqScan(cct) SeqScan(k) HashJoin(mc cn) HashJoin(mc cn cc) NestLoop(mc cn cc t) HashJoin(mc cn cc t kt) NestLoop(mc cn cc t kt mi) HashJoin(mc cn cc t kt mi ct) HashJoin(mc cn cc t kt mi ct it) NestLoop(mc cn cc t kt mi ct it mk) HashJoin(mc cn cc t kt mi ct it mk cct) HashJoin(mc cn cc t kt mi ct it mk cct k) Leading(((((((((((mc cn) cc) t) kt) mi) ct) it) mk) cct) k)) */
0,"['complete+verified', '[us]', 'certificates', ""movie', 'tv series', 'tv movie', 'tv mini series', 'tv mini series"", '%e%', '%C%', '%d%', '1997']",187,0.5343328,/*+  SeqScan(mc) SeqScan(cn) SeqScan(cc) IndexScan(t title_pkey) SeqScan(kt) IndexScan(mi movie_id_movie_info) SeqScan(ct) SeqScan(it) IndexScan(mk movie_id_movie_keyword) SeqScan(cct) SeqScan(k) HashJoin(mc cn) HashJoin(mc cn cc) NestLoop(mc cn cc t) HashJoin(mc cn cc t kt) NestLoop(mc cn cc t kt mi) HashJoin(mc cn cc t kt mi ct) HashJoin(mc cn cc t kt mi ct it) NestLoop(mc cn cc t kt mi ct it mk) HashJoin(mc cn cc t kt mi ct it mk cct) HashJoin(mc cn cc t kt mi ct it mk cct k) Leading(((((((((((mc cn) cc) t) kt) mi) ct) it) mk) cct) k)) */
0,"['complete+verified', '[fi]', 'certificates', ""movie', 'video game', 'tv series', 'video movie', 'episode"", '%g%', '%2%', '%G%', '2003']",187,0.5229218,/*+  SeqScan(mc) SeqScan(cn) SeqScan(cc) IndexScan(t title_pkey) SeqScan(kt) IndexScan(mi movie_id_movie_info) SeqScan(ct) SeqScan(it) IndexScan(mk movie_id_movie_keyword) SeqScan(cct) SeqScan(k) HashJoin(mc cn) HashJoin(mc cn cc) NestLoop(mc cn cc t) HashJoin(mc cn cc t kt) NestLoop(mc cn cc t kt mi) HashJoin(mc cn cc t kt mi ct) HashJoin(mc cn cc t kt mi ct it) NestLoop(mc cn cc t kt mi ct it mk) HashJoin(mc cn cc t kt mi ct it mk cct) HashJoin(mc cn cc t kt mi ct it mk cct k) Leading(((((((((((mc cn) cc) t) kt) mi) ct) it) mk) cct) k)) */
0,"['complete+verified', '[br]', 'tech info', ""movie', 'movie', 'movie', 'video game', 'tv mini series"", '%d%', '%3%', '%m%', '1990']",187,0.53766227,/*+  SeqScan(mc) SeqScan(cn) SeqScan(cc) IndexScan(t title_pkey) SeqScan(kt) IndexScan(mi movie_id_movie_info) SeqScan(ct) SeqScan(it) IndexScan(mk movie_id_movie_keyword) SeqScan(cct) SeqScan(k) HashJoin(mc cn) HashJoin(mc cn cc) NestLoop(mc cn cc t) HashJoin(mc cn cc t kt) NestLoop(mc cn cc t kt mi) HashJoin(mc cn cc t kt mi ct) HashJoin(mc cn cc t kt mi ct it) NestLoop(mc cn cc t kt mi ct it mk) HashJoin(mc cn cc t kt mi ct it mk cct) HashJoin(mc cn cc t kt mi ct it mk cct k) Leading(((((((((((mc cn) cc) t) kt) mi) ct) it) mk) cct) k)) */
0,"['complete+verified', '[us]', 'release dates', ""episode', 'episode', 'episode', 'episode', 'episode"", '%DVD%', '%o%', '%S%', '1973']",187,0.5311702,/*+  SeqScan(mc) SeqScan(cn) SeqScan(cc) IndexScan(t title_pkey) SeqScan(kt) IndexScan(mi movie_id_movie_info) SeqScan(ct) SeqScan(it) IndexScan(mk movie_id_movie_keyword) SeqScan(cct) SeqScan(k) HashJoin(mc cn) HashJoin(mc cn cc) NestLoop(mc cn cc t) HashJoin(mc cn cc t kt) NestLoop(mc cn cc t kt mi) HashJoin(mc cn cc t kt mi ct) HashJoin(mc cn cc t kt mi ct it) NestLoop(mc cn cc t kt mi ct it mk) HashJoin(mc cn cc t kt mi ct it mk cct) HashJoin(mc cn cc t kt mi ct it mk cct k) Leading(((((((((((mc cn) cc) t) kt) mi) ct) it) mk) cct) k)) */
0,"['complete+verified', '[us]', 'release dates', ""movie', 'episode"", '%internet%', 'USA:% 200%', 'USA:%200%', '2000']",187,0.5345659,/*+  SeqScan(mc) SeqScan(cn) SeqScan(cc) IndexScan(t title_pkey) SeqScan(kt) IndexScan(mi movie_id_movie_info) SeqScan(ct) SeqScan(it) IndexScan(mk movie_id_movie_keyword) SeqScan(cct) SeqScan(k) HashJoin(mc cn) HashJoin(mc cn cc) NestLoop(mc cn cc t) HashJoin(mc cn cc t kt) NestLoop(mc cn cc t kt mi) HashJoin(mc cn cc t kt mi ct) HashJoin(mc cn cc t kt mi ct it) NestLoop(mc cn cc t kt mi ct it mk) HashJoin(mc cn cc t kt mi ct it mk cct) HashJoin(mc cn cc t kt mi ct it mk cct k) Leading(((((((((((mc cn) cc) t) kt) mi) ct) it) mk) cct) k)) */
0,"['complete+verified', '[us]', 'release dates', ""episode', 'episode', 'episode', 'episode', 'episode"", '%i%', '%1%', '%Black%', '1892']",187,0.535288,/*+  SeqScan(mc) SeqScan(cn) SeqScan(cc) IndexScan(t title_pkey) SeqScan(kt) IndexScan(mi movie_id_movie_info) SeqScan(ct) SeqScan(it) IndexScan(mk movie_id_movie_keyword) SeqScan(cct) SeqScan(k) HashJoin(mc cn) HashJoin(mc cn cc) NestLoop(mc cn cc t) HashJoin(mc cn cc t kt) NestLoop(mc cn cc t kt mi) HashJoin(mc cn cc t kt mi ct) HashJoin(mc cn cc t kt mi ct it) NestLoop(mc cn cc t kt mi ct it mk) HashJoin(mc cn cc t kt mi ct it mk cct) HashJoin(mc cn cc t kt mi ct it mk cct k) Leading(((((((((((mc cn) cc) t) kt) mi) ct) it) mk) cct) k)) */
0,"['complete', '[us]', 'release dates', 'movie', '%internet%', 'Japan:%200%', 'USA:%201%', '2000']",187,0.5442291,/*+  SeqScan(mc) SeqScan(cn) SeqScan(cc) IndexScan(t title_pkey) SeqScan(kt) IndexScan(mi movie_id_movie_info) SeqScan(ct) SeqScan(it) IndexScan(mk movie_id_movie_keyword) SeqScan(cct) SeqScan(k) HashJoin(mc cn) HashJoin(mc cn cc) NestLoop(mc cn cc t) HashJoin(mc cn cc t kt) NestLoop(mc cn cc t kt mi) HashJoin(mc cn cc t kt mi ct) HashJoin(mc cn cc t kt mi ct it) NestLoop(mc cn cc t kt mi ct it mk) HashJoin(mc cn cc t kt mi ct it mk cct) HashJoin(mc cn cc t kt mi ct it mk cct k) Leading(((((((((((mc cn) cc) t) kt) mi) ct) it) mk) cct) k)) */
0,"['complete+verified', '[fr]', 'release dates', ""movie', 'video movie', 'tv series', 'episode', 'movie"", '%o%', '%o%', '%PFM%', '1910']",187,0.5339682,/*+  SeqScan(mc) SeqScan(cn) SeqScan(cc) IndexScan(t title_pkey) SeqScan(kt) IndexScan(mi movie_id_movie_info) SeqScan(ct) SeqScan(it) IndexScan(mk movie_id_movie_keyword) SeqScan(cct) SeqScan(k) HashJoin(mc cn) HashJoin(mc cn cc) NestLoop(mc cn cc t) HashJoin(mc cn cc t kt) NestLoop(mc cn cc t kt mi) HashJoin(mc cn cc t kt mi ct) HashJoin(mc cn cc t kt mi ct it) NestLoop(mc cn cc t kt mi ct it mk) HashJoin(mc cn cc t kt mi ct it mk cct) HashJoin(mc cn cc t kt mi ct it mk cct k) Leading(((((((((((mc cn) cc) t) kt) mi) ct) it) mk) cct) k)) */
0,"['complete+verified', '[gb]', 'certificates', ""movie', 'video game', 'tv mini series', 'tv series', 'movie"", '%n%', '%a%', '%r%', '2004']",187,0.5463465,/*+  SeqScan(mc) SeqScan(cn) SeqScan(cc) IndexScan(t title_pkey) SeqScan(kt) IndexScan(mi movie_id_movie_info) SeqScan(ct) SeqScan(it) IndexScan(mk movie_id_movie_keyword) SeqScan(cct) SeqScan(k) HashJoin(mc cn) HashJoin(mc cn cc) NestLoop(mc cn cc t) HashJoin(mc cn cc t kt) NestLoop(mc cn cc t kt mi) HashJoin(mc cn cc t kt mi ct) HashJoin(mc cn cc t kt mi ct it) NestLoop(mc cn cc t kt mi ct it mk) HashJoin(mc cn cc t kt mi ct it mk cct) HashJoin(mc cn cc t kt mi ct it mk cct k) Leading(((((((((((mc cn) cc) t) kt) mi) ct) it) mk) cct) k)) */
0,"['complete+verified', '[us]', 'release dates', ""movie', 'tv movie', 'video movie', 'video game"", '%internet%', 'USA:% 200%', 'USA:%200%', '1990']",187,0.532712,/*+  SeqScan(mc) SeqScan(cn) SeqScan(cc) IndexScan(t title_pkey) SeqScan(kt) IndexScan(mi movie_id_movie_info) SeqScan(ct) SeqScan(it) IndexScan(mk movie_id_movie_keyword) SeqScan(cct) SeqScan(k) HashJoin(mc cn) HashJoin(mc cn cc) NestLoop(mc cn cc t) HashJoin(mc cn cc t kt) NestLoop(mc cn cc t kt mi) HashJoin(mc cn cc t kt mi ct) HashJoin(mc cn cc t kt mi ct it) NestLoop(mc cn cc t kt mi ct it mk) HashJoin(mc cn cc t kt mi ct it mk cct) HashJoin(mc cn cc t kt mi ct it mk cct k) Leading(((((((((((mc cn) cc) t) kt) mi) ct) it) mk) cct) k)) */
0,"['complete+verified', '[sg]', 'tech info', ""movie', 'tv mini series', 'episode', 'video movie', 'movie"", '%n%', '%B%', '%L%', '2003']",187,0.52857023,/*+  SeqScan(mc) SeqScan(cn) SeqScan(cc) IndexScan(t title_pkey) SeqScan(kt) IndexScan(mi movie_id_movie_info) SeqScan(ct) SeqScan(it) IndexScan(mk movie_id_movie_keyword) SeqScan(cct) SeqScan(k) HashJoin(mc cn) HashJoin(mc cn cc) NestLoop(mc cn cc t) HashJoin(mc cn cc t kt) NestLoop(mc cn cc t kt mi) HashJoin(mc cn cc t kt mi ct) HashJoin(mc cn cc t kt mi ct it) NestLoop(mc cn cc t kt mi ct it mk) HashJoin(mc cn cc t kt mi ct it mk cct) HashJoin(mc cn cc t kt mi ct it mk cct k) Leading(((((((((((mc cn) cc) t) kt) mi) ct) it) mk) cct) k)) */
0,"['complete+verified', '[us]', 'release dates', ""movie', 'episode"", '%internet%', 'USA:%2008%', 'Japan:%201%', '2000']",187,0.5345659,/*+  SeqScan(mc) SeqScan(cn) SeqScan(cc) IndexScan(t title_pkey) SeqScan(kt) IndexScan(mi movie_id_movie_info) SeqScan(ct) SeqScan(it) IndexScan(mk movie_id_movie_keyword) SeqScan(cct) SeqScan(k) HashJoin(mc cn) HashJoin(mc cn cc) NestLoop(mc cn cc t) HashJoin(mc cn cc t kt) NestLoop(mc cn cc t kt mi) HashJoin(mc cn cc t kt mi ct) HashJoin(mc cn cc t kt mi ct it) NestLoop(mc cn cc t kt mi ct it mk) HashJoin(mc cn cc t kt mi ct it mk cct) HashJoin(mc cn cc t kt mi ct it mk cct k) Leading(((((((((((mc cn) cc) t) kt) mi) ct) it) mk) cct) k)) */
0,"['complete', '[fr]', 'release dates', ""episode', 'episode', 'episode', 'episode', 'episode"", '%release%', '%o%', '%35%', '1985']",187,0.5395807,/*+  SeqScan(mc) SeqScan(cn) SeqScan(cc) IndexScan(t title_pkey) SeqScan(kt) IndexScan(mi movie_id_movie_info) SeqScan(ct) SeqScan(it) IndexScan(mk movie_id_movie_keyword) SeqScan(cct) SeqScan(k) HashJoin(mc cn) HashJoin(mc cn cc) NestLoop(mc cn cc t) HashJoin(mc cn cc t kt) NestLoop(mc cn cc t kt mi) HashJoin(mc cn cc t kt mi ct) HashJoin(mc cn cc t kt mi ct it) NestLoop(mc cn cc t kt mi ct it mk) HashJoin(mc cn cc t kt mi ct it mk cct) HashJoin(mc cn cc t kt mi ct it mk cct k) Leading(((((((((((mc cn) cc) t) kt) mi) ct) it) mk) cct) k)) */
0,"['complete', '[gr]', 'tech info', ""movie', 'tv mini series', 'tv mini series', 'tv series', 'video movie"", '%2%', '%O%', '%5%', '2006']",187,0.54422915,/*+  SeqScan(mc) SeqScan(cn) SeqScan(cc) IndexScan(t title_pkey) SeqScan(kt) IndexScan(mi movie_id_movie_info) SeqScan(ct) SeqScan(it) IndexScan(mk movie_id_movie_keyword) SeqScan(cct) SeqScan(k) HashJoin(mc cn) HashJoin(mc cn cc) NestLoop(mc cn cc t) HashJoin(mc cn cc t kt) NestLoop(mc cn cc t kt mi) HashJoin(mc cn cc t kt mi ct) HashJoin(mc cn cc t kt mi ct it) NestLoop(mc cn cc t kt mi ct it mk) HashJoin(mc cn cc t kt mi ct it mk cct) HashJoin(mc cn cc t kt mi ct it mk cct k) Leading(((((((((((mc cn) cc) t) kt) mi) ct) it) mk) cct) k)) */
0,"['complete+verified', '[us]', 'release dates', ""movie', 'episode"", '%internet%', 'Japan:%201%', 'USA:% 200%', '2005']",187,0.53510875,/*+  SeqScan(mc) SeqScan(cn) SeqScan(cc) IndexScan(t title_pkey) SeqScan(kt) IndexScan(mi movie_id_movie_info) SeqScan(ct) SeqScan(it) IndexScan(mk movie_id_movie_keyword) SeqScan(cct) SeqScan(k) HashJoin(mc cn) HashJoin(mc cn cc) NestLoop(mc cn cc t) HashJoin(mc cn cc t kt) NestLoop(mc cn cc t kt mi) HashJoin(mc cn cc t kt mi ct) HashJoin(mc cn cc t kt mi ct it) NestLoop(mc cn cc t kt mi ct it mk) HashJoin(mc cn cc t kt mi ct it mk cct) HashJoin(mc cn cc t kt mi ct it mk cct k) Leading(((((((((((mc cn) cc) t) kt) mi) ct) it) mk) cct) k)) */
0,"['complete+verified', '[us]', 'release dates', 'movie', '%internet%', 'USA:% 199%', 'USA:% 200%', '1990']",187,0.53913885,/*+  SeqScan(mc) SeqScan(cn) SeqScan(cc) IndexScan(t title_pkey) SeqScan(kt) IndexScan(mi movie_id_movie_info) SeqScan(ct) SeqScan(it) IndexScan(mk movie_id_movie_keyword) SeqScan(cct) SeqScan(k) HashJoin(mc cn) HashJoin(mc cn cc) NestLoop(mc cn cc t) HashJoin(mc cn cc t kt) NestLoop(mc cn cc t kt mi) HashJoin(mc cn cc t kt mi ct) HashJoin(mc cn cc t kt mi ct it) NestLoop(mc cn cc t kt mi ct it mk) HashJoin(mc cn cc t kt mi ct it mk cct) HashJoin(mc cn cc t kt mi ct it mk cct k) Leading(((((((((((mc cn) cc) t) kt) mi) ct) it) mk) cct) k)) */
0,"['complete', '[ar]', 'certificates', ""movie', 'tv series', 'episode', 'movie', 'movie"", '%i%', '%S%', '%S%', '2007']",187,0.52226704,/*+  SeqScan(mc) SeqScan(cn) SeqScan(cc) IndexScan(t title_pkey) SeqScan(kt) IndexScan(mi movie_id_movie_info) SeqScan(ct) SeqScan(it) IndexScan(mk movie_id_movie_keyword) SeqScan(cct) SeqScan(k) HashJoin(mc cn) HashJoin(mc cn cc) NestLoop(mc cn cc t) HashJoin(mc cn cc t kt) NestLoop(mc cn cc t kt mi) HashJoin(mc cn cc t kt mi ct) HashJoin(mc cn cc t kt mi ct it) NestLoop(mc cn cc t kt mi ct it mk) HashJoin(mc cn cc t kt mi ct it mk cct) HashJoin(mc cn cc t kt mi ct it mk cct k) Leading(((((((((((mc cn) cc) t) kt) mi) ct) it) mk) cct) k)) */
0,"['complete', '[bg]', 'release dates', ""episode', 'episode', 'episode', 'episode', 'episode"", '%i%', '%U%', '%m%', '1890']",187,0.53980786,/*+  SeqScan(mc) SeqScan(cn) SeqScan(cc) IndexScan(t title_pkey) SeqScan(kt) IndexScan(mi movie_id_movie_info) SeqScan(ct) SeqScan(it) IndexScan(mk movie_id_movie_keyword) SeqScan(cct) SeqScan(k) HashJoin(mc cn) HashJoin(mc cn cc) NestLoop(mc cn cc t) HashJoin(mc cn cc t kt) NestLoop(mc cn cc t kt mi) HashJoin(mc cn cc t kt mi ct) HashJoin(mc cn cc t kt mi ct it) NestLoop(mc cn cc t kt mi ct it mk) HashJoin(mc cn cc t kt mi ct it mk cct) HashJoin(mc cn cc t kt mi ct it mk cct k) Leading(((((((((((mc cn) cc) t) kt) mi) ct) it) mk) cct) k)) */
0,"['complete+verified', '[us]', 'certificates', ""movie', 'tv series', 'movie', 'tv series', 'video game"", '%i%', '%:%', '%:%', '1962']",187,0.5301129,/*+  SeqScan(mc) SeqScan(cn) SeqScan(cc) IndexScan(t title_pkey) SeqScan(kt) IndexScan(mi movie_id_movie_info) SeqScan(ct) SeqScan(it) IndexScan(mk movie_id_movie_keyword) SeqScan(cct) SeqScan(k) HashJoin(mc cn) HashJoin(mc cn cc) NestLoop(mc cn cc t) HashJoin(mc cn cc t kt) NestLoop(mc cn cc t kt mi) HashJoin(mc cn cc t kt mi ct) HashJoin(mc cn cc t kt mi ct it) NestLoop(mc cn cc t kt mi ct it mk) HashJoin(mc cn cc t kt mi ct it mk cct) HashJoin(mc cn cc t kt mi ct it mk cct k) Leading(((((((((((mc cn) cc) t) kt) mi) ct) it) mk) cct) k)) */
0,"['complete+verified', '[us]', 'release dates', 'movie', '%internet%', 'USA:% 199%', 'USA:% 200%', '2000']",187,0.54460365,/*+  SeqScan(mc) SeqScan(cn) SeqScan(cc) IndexScan(t title_pkey) SeqScan(kt) IndexScan(mi movie_id_movie_info) SeqScan(ct) SeqScan(it) IndexScan(mk movie_id_movie_keyword) SeqScan(cct) SeqScan(k) HashJoin(mc cn) HashJoin(mc cn cc) NestLoop(mc cn cc t) HashJoin(mc cn cc t kt) NestLoop(mc cn cc t kt mi) HashJoin(mc cn cc t kt mi ct) HashJoin(mc cn cc t kt mi ct it) NestLoop(mc cn cc t kt mi ct it mk) HashJoin(mc cn cc t kt mi ct it mk cct) HashJoin(mc cn cc t kt mi ct it mk cct k) Leading(((((((((((mc cn) cc) t) kt) mi) ct) it) mk) cct) k)) */
0,"['complete', '[de]', 'release dates', ""episode', 'episode', 'episode', 'episode', 'episode"", '%n%', '%35%', '%h%', '2010']",187,0.5418533,/*+  SeqScan(mc) SeqScan(cn) SeqScan(cc) IndexScan(t title_pkey) SeqScan(kt) IndexScan(mi movie_id_movie_info) SeqScan(ct) SeqScan(it) IndexScan(mk movie_id_movie_keyword) SeqScan(cct) SeqScan(k) HashJoin(mc cn) HashJoin(mc cn cc) NestLoop(mc cn cc t) HashJoin(mc cn cc t kt) NestLoop(mc cn cc t kt mi) HashJoin(mc cn cc t kt mi ct) HashJoin(mc cn cc t kt mi ct it) NestLoop(mc cn cc t kt mi ct it mk) HashJoin(mc cn cc t kt mi ct it mk cct) HashJoin(mc cn cc t kt mi ct it mk cct k) Leading(((((((((((mc cn) cc) t) kt) mi) ct) it) mk) cct) k)) */
0,"['complete', '[us]', 'release dates', ""episode', 'episode', 'episode', 'movie', 'episode"", '%New%', '%A%', '%37%', '2011']",187,0.5371392,/*+  SeqScan(mc) SeqScan(cn) SeqScan(cc) IndexScan(t title_pkey) SeqScan(kt) IndexScan(mi movie_id_movie_info) SeqScan(ct) SeqScan(it) IndexScan(mk movie_id_movie_keyword) SeqScan(cct) SeqScan(k) HashJoin(mc cn) HashJoin(mc cn cc) NestLoop(mc cn cc t) HashJoin(mc cn cc t kt) NestLoop(mc cn cc t kt mi) HashJoin(mc cn cc t kt mi ct) HashJoin(mc cn cc t kt mi ct it) NestLoop(mc cn cc t kt mi ct it mk) HashJoin(mc cn cc t kt mi ct it mk cct) HashJoin(mc cn cc t kt mi ct it mk cct k) Leading(((((((((((mc cn) cc) t) kt) mi) ct) it) mk) cct) k)) */
0,"['complete', '[fr]', 'release dates', ""episode', 'episode', 'episode', 'episode', 'episode"", '%DVD%', '%m%', '%C%', '1993']",187,0.5365368,/*+  SeqScan(mc) SeqScan(cn) SeqScan(cc) IndexScan(t title_pkey) SeqScan(kt) IndexScan(mi movie_id_movie_info) SeqScan(ct) SeqScan(it) IndexScan(mk movie_id_movie_keyword) SeqScan(cct) SeqScan(k) HashJoin(mc cn) HashJoin(mc cn cc) NestLoop(mc cn cc t) HashJoin(mc cn cc t kt) NestLoop(mc cn cc t kt mi) HashJoin(mc cn cc t kt mi ct) HashJoin(mc cn cc t kt mi ct it) NestLoop(mc cn cc t kt mi ct it mk) HashJoin(mc cn cc t kt mi ct it mk cct) HashJoin(mc cn cc t kt mi ct it mk cct k) Leading(((((((((((mc cn) cc) t) kt) mi) ct) it) mk) cct) k)) */
0,"['complete', '[fr]', 'release dates', ""episode', 'tv series', 'tv series', 'video movie', 'video game"", '%DVD%', '%M%', '%U%', '2004']",187,0.53161395,/*+  SeqScan(mc) SeqScan(cn) SeqScan(cc) IndexScan(t title_pkey) SeqScan(kt) IndexScan(mi movie_id_movie_info) SeqScan(ct) SeqScan(it) IndexScan(mk movie_id_movie_keyword) SeqScan(cct) SeqScan(k) HashJoin(mc cn) HashJoin(mc cn cc) NestLoop(mc cn cc t) HashJoin(mc cn cc t kt) NestLoop(mc cn cc t kt mi) HashJoin(mc cn cc t kt mi ct) HashJoin(mc cn cc t kt mi ct it) NestLoop(mc cn cc t kt mi ct it mk) HashJoin(mc cn cc t kt mi ct it mk cct) HashJoin(mc cn cc t kt mi ct it mk cct k) Leading(((((((((((mc cn) cc) t) kt) mi) ct) it) mk) cct) k)) */
0,"['complete+verified', '[fi]', 'locations', ""movie', 'movie', 'video game', 'video game', 'video game"", '%s%', '%S%', '%0%', '1939']",187,0.5219415,/*+  SeqScan(mc) SeqScan(cn) SeqScan(cc) IndexScan(t title_pkey) SeqScan(kt) IndexScan(mi movie_id_movie_info) SeqScan(ct) SeqScan(it) IndexScan(mk movie_id_movie_keyword) SeqScan(cct) SeqScan(k) HashJoin(mc cn) HashJoin(mc cn cc) NestLoop(mc cn cc t) HashJoin(mc cn cc t kt) NestLoop(mc cn cc t kt mi) HashJoin(mc cn cc t kt mi ct) HashJoin(mc cn cc t kt mi ct it) NestLoop(mc cn cc t kt mi ct it mk) HashJoin(mc cn cc t kt mi ct it mk cct) HashJoin(mc cn cc t kt mi ct it mk cct k) Leading(((((((((((mc cn) cc) t) kt) mi) ct) it) mk) cct) k)) */
0,"['complete', '[se]', 'certificates', ""movie', 'tv series', 'episode', 'video game', 'movie"", '%i%', '%F%', '%d%', '1957']",187,0.53930515,/*+  SeqScan(mc) SeqScan(cn) SeqScan(cc) IndexScan(t title_pkey) SeqScan(kt) IndexScan(mi movie_id_movie_info) SeqScan(ct) SeqScan(it) IndexScan(mk movie_id_movie_keyword) SeqScan(cct) SeqScan(k) HashJoin(mc cn) HashJoin(mc cn cc) NestLoop(mc cn cc t) HashJoin(mc cn cc t kt) NestLoop(mc cn cc t kt mi) HashJoin(mc cn cc t kt mi ct) HashJoin(mc cn cc t kt mi ct it) NestLoop(mc cn cc t kt mi ct it mk) HashJoin(mc cn cc t kt mi ct it mk cct) HashJoin(mc cn cc t kt mi ct it mk cct k) Leading(((((((((((mc cn) cc) t) kt) mi) ct) it) mk) cct) k)) */
0,"['complete', '[us]', 'release dates', ""episode', 'episode', 'episode', 'episode', 'episode"", '%DVD%', '%scheduled%', '%in%', '1993']",187,0.5365821,/*+  SeqScan(mc) SeqScan(cn) SeqScan(cc) IndexScan(t title_pkey) SeqScan(kt) IndexScan(mi movie_id_movie_info) SeqScan(ct) SeqScan(it) IndexScan(mk movie_id_movie_keyword) SeqScan(cct) SeqScan(k) HashJoin(mc cn) HashJoin(mc cn cc) NestLoop(mc cn cc t) HashJoin(mc cn cc t kt) NestLoop(mc cn cc t kt mi) HashJoin(mc cn cc t kt mi ct) HashJoin(mc cn cc t kt mi ct it) NestLoop(mc cn cc t kt mi ct it mk) HashJoin(mc cn cc t kt mi ct it mk cct) HashJoin(mc cn cc t kt mi ct it mk cct k) Leading(((((((((((mc cn) cc) t) kt) mi) ct) it) mk) cct) k)) */
0,"['complete+verified', '[us]', 'release dates', ""movie', 'video movie', 'tv movie', 'tv movie', 'movie"", '%o%', '%mm%', '%n%', '2006']",187,0.53713566,/*+  SeqScan(mc) SeqScan(cn) SeqScan(cc) IndexScan(t title_pkey) SeqScan(kt) IndexScan(mi movie_id_movie_info) SeqScan(ct) SeqScan(it) IndexScan(mk movie_id_movie_keyword) SeqScan(cct) SeqScan(k) HashJoin(mc cn) HashJoin(mc cn cc) NestLoop(mc cn cc t) HashJoin(mc cn cc t kt) NestLoop(mc cn cc t kt mi) HashJoin(mc cn cc t kt mi ct) HashJoin(mc cn cc t kt mi ct it) NestLoop(mc cn cc t kt mi ct it mk) HashJoin(mc cn cc t kt mi ct it mk cct) HashJoin(mc cn cc t kt mi ct it mk cct k) Leading(((((((((((mc cn) cc) t) kt) mi) ct) it) mk) cct) k)) */
0,"['complete', '[us]', 'release dates', ""movie', 'episode"", '%internet%', 'USA:% 200%', 'Japan:%200%', '1950']",187,0.5390038,/*+  SeqScan(mc) SeqScan(cn) SeqScan(cc) IndexScan(t title_pkey) SeqScan(kt) IndexScan(mi movie_id_movie_info) SeqScan(ct) SeqScan(it) IndexScan(mk movie_id_movie_keyword) SeqScan(cct) SeqScan(k) HashJoin(mc cn) HashJoin(mc cn cc) NestLoop(mc cn cc t) HashJoin(mc cn cc t kt) NestLoop(mc cn cc t kt mi) HashJoin(mc cn cc t kt mi ct) HashJoin(mc cn cc t kt mi ct it) NestLoop(mc cn cc t kt mi ct it mk) HashJoin(mc cn cc t kt mi ct it mk cct) HashJoin(mc cn cc t kt mi ct it mk cct k) Leading(((((((((((mc cn) cc) t) kt) mi) ct) it) mk) cct) k)) */
0,"['complete+verified', '[us]', 'release dates', ""movie', 'episode"", '%internet%', 'Japan:%201%', 'USA:%200%', '2005']",187,0.53510875,/*+  SeqScan(mc) SeqScan(cn) SeqScan(cc) IndexScan(t title_pkey) SeqScan(kt) IndexScan(mi movie_id_movie_info) SeqScan(ct) SeqScan(it) IndexScan(mk movie_id_movie_keyword) SeqScan(cct) SeqScan(k) HashJoin(mc cn) HashJoin(mc cn cc) NestLoop(mc cn cc t) HashJoin(mc cn cc t kt) NestLoop(mc cn cc t kt mi) HashJoin(mc cn cc t kt mi ct) HashJoin(mc cn cc t kt mi ct it) NestLoop(mc cn cc t kt mi ct it mk) HashJoin(mc cn cc t kt mi ct it mk cct) HashJoin(mc cn cc t kt mi ct it mk cct k) Leading(((((((((((mc cn) cc) t) kt) mi) ct) it) mk) cct) k)) */
0,"['complete', '[us]', 'release dates', ""episode', 'episode', 'episode', 'episode', 'episode"", '%n%', '%for%', '%r%', '1916']",187,0.5438962,/*+  SeqScan(mc) SeqScan(cn) SeqScan(cc) IndexScan(t title_pkey) SeqScan(kt) IndexScan(mi movie_id_movie_info) SeqScan(ct) SeqScan(it) IndexScan(mk movie_id_movie_keyword) SeqScan(cct) SeqScan(k) HashJoin(mc cn) HashJoin(mc cn cc) NestLoop(mc cn cc t) HashJoin(mc cn cc t kt) NestLoop(mc cn cc t kt mi) HashJoin(mc cn cc t kt mi ct) HashJoin(mc cn cc t kt mi ct it) NestLoop(mc cn cc t kt mi ct it mk) HashJoin(mc cn cc t kt mi ct it mk cct) HashJoin(mc cn cc t kt mi ct it mk cct k) Leading(((((((((((mc cn) cc) t) kt) mi) ct) it) mk) cct) k)) */
0,"['complete', '[us]', 'plot', ""movie', 'tv movie', 'episode', 'tv mini series', 'episode"", '%u%', '%f%', '%o%', '1997']",187,0.534037,/*+  SeqScan(mc) SeqScan(cn) SeqScan(cc) IndexScan(t title_pkey) SeqScan(kt) IndexScan(mi movie_id_movie_info) SeqScan(ct) SeqScan(it) IndexScan(mk movie_id_movie_keyword) SeqScan(cct) SeqScan(k) HashJoin(mc cn) HashJoin(mc cn cc) NestLoop(mc cn cc t) HashJoin(mc cn cc t kt) NestLoop(mc cn cc t kt mi) HashJoin(mc cn cc t kt mi ct) HashJoin(mc cn cc t kt mi ct it) NestLoop(mc cn cc t kt mi ct it mk) HashJoin(mc cn cc t kt mi ct it mk cct) HashJoin(mc cn cc t kt mi ct it mk cct k) Leading(((((((((((mc cn) cc) t) kt) mi) ct) it) mk) cct) k)) */
0,"['complete', '[us]', 'release dates', 'movie', '%internet%', 'USA:%200%', 'Japan:%200%', '1990']",187,0.5381114,/*+  SeqScan(mc) SeqScan(cn) SeqScan(cc) IndexScan(t title_pkey) SeqScan(kt) IndexScan(mi movie_id_movie_info) SeqScan(ct) SeqScan(it) IndexScan(mk movie_id_movie_keyword) SeqScan(cct) SeqScan(k) HashJoin(mc cn) HashJoin(mc cn cc) NestLoop(mc cn cc t) HashJoin(mc cn cc t kt) NestLoop(mc cn cc t kt mi) HashJoin(mc cn cc t kt mi ct) HashJoin(mc cn cc t kt mi ct it) NestLoop(mc cn cc t kt mi ct it mk) HashJoin(mc cn cc t kt mi ct it mk cct) HashJoin(mc cn cc t kt mi ct it mk cct k) Leading(((((((((((mc cn) cc) t) kt) mi) ct) it) mk) cct) k)) */
0,"['complete+verified', '[de]', 'release dates', ""episode', 'episode', 'episode', 'episode', 'movie"", '%r%', '%o%', '%y%', '1993']",187,0.5284348,/*+  SeqScan(mc) SeqScan(cn) SeqScan(cc) IndexScan(t title_pkey) SeqScan(kt) IndexScan(mi movie_id_movie_info) SeqScan(ct) SeqScan(it) IndexScan(mk movie_id_movie_keyword) SeqScan(cct) SeqScan(k) HashJoin(mc cn) HashJoin(mc cn cc) NestLoop(mc cn cc t) HashJoin(mc cn cc t kt) NestLoop(mc cn cc t kt mi) HashJoin(mc cn cc t kt mi ct) HashJoin(mc cn cc t kt mi ct it) NestLoop(mc cn cc t kt mi ct it mk) HashJoin(mc cn cc t kt mi ct it mk cct) HashJoin(mc cn cc t kt mi ct it mk cct k) Leading(((((((((((mc cn) cc) t) kt) mi) ct) it) mk) cct) k)) */
0,"['complete+verified', '[de]', 'release dates', ""episode', 'episode', 'episode', 'episode', 'episode"", '%m%', '%n%', '%his%', '1912']",187,0.53128743,/*+  SeqScan(mc) SeqScan(cn) SeqScan(cc) IndexScan(t title_pkey) SeqScan(kt) IndexScan(mi movie_id_movie_info) SeqScan(ct) SeqScan(it) IndexScan(mk movie_id_movie_keyword) SeqScan(cct) SeqScan(k) HashJoin(mc cn) HashJoin(mc cn cc) NestLoop(mc cn cc t) HashJoin(mc cn cc t kt) NestLoop(mc cn cc t kt mi) HashJoin(mc cn cc t kt mi ct) HashJoin(mc cn cc t kt mi ct it) NestLoop(mc cn cc t kt mi ct it mk) HashJoin(mc cn cc t kt mi ct it mk cct) HashJoin(mc cn cc t kt mi ct it mk cct k) Leading(((((((((((mc cn) cc) t) kt) mi) ct) it) mk) cct) k)) */
0,"['complete+verified', '[us]', 'release dates', ""episode', 'episode', 'episode', 'episode', 'episode"", '%t%', '%U%', '%A%', '1984']",187,0.51857585,/*+  SeqScan(mc) SeqScan(cn) SeqScan(cc) IndexScan(t title_pkey) SeqScan(kt) IndexScan(mi movie_id_movie_info) SeqScan(ct) SeqScan(it) IndexScan(mk movie_id_movie_keyword) SeqScan(cct) SeqScan(k) HashJoin(mc cn) HashJoin(mc cn cc) NestLoop(mc cn cc t) HashJoin(mc cn cc t kt) NestLoop(mc cn cc t kt mi) HashJoin(mc cn cc t kt mi ct) HashJoin(mc cn cc t kt mi ct it) NestLoop(mc cn cc t kt mi ct it mk) HashJoin(mc cn cc t kt mi ct it mk cct) HashJoin(mc cn cc t kt mi ct it mk cct k) Leading(((((((((((mc cn) cc) t) kt) mi) ct) it) mk) cct) k)) */
0,"['complete+verified', '[nl]', 'certificates', ""movie', 'episode', 'video movie', 'video game', 'video movie"", '%r%', '%A%', '%4%', '2003']",187,0.53791714,/*+  SeqScan(mc) SeqScan(cn) SeqScan(cc) IndexScan(t title_pkey) SeqScan(kt) IndexScan(mi movie_id_movie_info) SeqScan(ct) SeqScan(it) IndexScan(mk movie_id_movie_keyword) SeqScan(cct) SeqScan(k) HashJoin(mc cn) HashJoin(mc cn cc) NestLoop(mc cn cc t) HashJoin(mc cn cc t kt) NestLoop(mc cn cc t kt mi) HashJoin(mc cn cc t kt mi ct) HashJoin(mc cn cc t kt mi ct it) NestLoop(mc cn cc t kt mi ct it mk) HashJoin(mc cn cc t kt mi ct it mk cct) HashJoin(mc cn cc t kt mi ct it mk cct k) Leading(((((((((((mc cn) cc) t) kt) mi) ct) it) mk) cct) k)) */
0,"['complete+verified', '[us]', 'release dates', ""movie', 'episode"", '%internet%', 'USA:% 200%', 'Japan:%200%', '2000']",187,0.5345659,/*+  SeqScan(mc) SeqScan(cn) SeqScan(cc) IndexScan(t title_pkey) SeqScan(kt) IndexScan(mi movie_id_movie_info) SeqScan(ct) SeqScan(it) IndexScan(mk movie_id_movie_keyword) SeqScan(cct) SeqScan(k) HashJoin(mc cn) HashJoin(mc cn cc) NestLoop(mc cn cc t) HashJoin(mc cn cc t kt) NestLoop(mc cn cc t kt mi) HashJoin(mc cn cc t kt mi ct) HashJoin(mc cn cc t kt mi ct it) NestLoop(mc cn cc t kt mi ct it mk) HashJoin(mc cn cc t kt mi ct it mk cct) HashJoin(mc cn cc t kt mi ct it mk cct k) Leading(((((((((((mc cn) cc) t) kt) mi) ct) it) mk) cct) k)) */
0,"['complete', '[us]', 'release dates', ""movie', 'episode"", '%internet%', 'Japan:%2007%', 'USA:% 200%', '2000']",187,0.53929585,/*+  SeqScan(mc) SeqScan(cn) SeqScan(cc) IndexScan(t title_pkey) SeqScan(kt) IndexScan(mi movie_id_movie_info) SeqScan(ct) SeqScan(it) IndexScan(mk movie_id_movie_keyword) SeqScan(cct) SeqScan(k) HashJoin(mc cn) HashJoin(mc cn cc) NestLoop(mc cn cc t) HashJoin(mc cn cc t kt) NestLoop(mc cn cc t kt mi) HashJoin(mc cn cc t kt mi ct) HashJoin(mc cn cc t kt mi ct it) NestLoop(mc cn cc t kt mi ct it mk) HashJoin(mc cn cc t kt mi ct it mk cct) HashJoin(mc cn cc t kt mi ct it mk cct k) Leading(((((((((((mc cn) cc) t) kt) mi) ct) it) mk) cct) k)) */
0,"['complete+verified', '[us]', 'release dates', 'movie', '%internet%', 'Japan:%2007%', 'USA:% 200%', '2000']",187,0.54460365,/*+  SeqScan(mc) SeqScan(cn) SeqScan(cc) IndexScan(t title_pkey) SeqScan(kt) IndexScan(mi movie_id_movie_info) SeqScan(ct) SeqScan(it) IndexScan(mk movie_id_movie_keyword) SeqScan(cct) SeqScan(k) HashJoin(mc cn) HashJoin(mc cn cc) NestLoop(mc cn cc t) HashJoin(mc cn cc t kt) NestLoop(mc cn cc t kt mi) HashJoin(mc cn cc t kt mi ct) HashJoin(mc cn cc t kt mi ct it) NestLoop(mc cn cc t kt mi ct it mk) HashJoin(mc cn cc t kt mi ct it mk cct) HashJoin(mc cn cc t kt mi ct it mk cct k) Leading(((((((((((mc cn) cc) t) kt) mi) ct) it) mk) cct) k)) */
