query,plan_id,plan_content
"SELECT MIN(mi.info) AS movie_budget, MIN(mi_idx.info) AS movie_votes, MIN(n.name) AS writer, MIN(t.title) AS complete_violent_movie
FROM sampled_complete_cast_1 AS cc,
    sampled_comp_cast_type_1 AS cct1,
    sampled_comp_cast_type_1 AS cct2,
    sampled_cast_info_1 AS ci,
    sampled_info_type_1 AS it1,
    sampled_info_type_1 AS it2,
    sampled_keyword_1 AS k,
    sampled_movie_info_1 AS mi,
    sampled_movie_info_idx_1 AS mi_idx,
    sampled_movie_keyword_1 AS mk,
    sampled_name_1 AS n,
    sampled_title_1 AS t
WHERE t.id = mi.movie_id
AND t.id = mi_idx.movie_id
AND t.id = ci.movie_id
AND t.id = mk.movie_id
AND t.id = cc.movie_id
AND ci.movie_id = mi.movie_id
AND ci.movie_id = mi_idx.movie_id
AND ci.movie_id = mk.movie_id
AND ci.movie_id = cc.movie_id
AND mi.movie_id = mi_idx.movie_id
AND mi.movie_id = mk.movie_id
AND mi.movie_id = cc.movie_id
AND mi_idx.movie_id = mk.movie_id
AND mi_idx.movie_id = cc.movie_id
AND mk.movie_id = cc.movie_id
AND n.id = ci.person_id
AND it1.id = mi.info_type_id
AND it2.id = mi_idx.info_type_id
AND k.id = mk.keyword_id
AND cct1.id = cc.subject_id
AND cct2.id = cc.status_id
AND cct1.kind IN ('crew', 'crew', 'crew', 'crew', 'crew')
AND cct2.kind = 'complete+verified'
AND ci.note IN ('(producer)', '(producer)', '(producer)', '(producer)', '(producer)')
AND it1.info = 'genres'
AND it2.info = 'top 250 rank'
AND k.keyword IN ('lesbian-sex', 'two-word-title', 'police', 'one-word-title', 'dog')
AND mi.info IN ('RAT:1.85 : 1', 'Sweden:15', 'Pan & Scan', 'Thriller', 'RAT:1.33 : 1')
AND n.gender = 'm'
AND t.production_year > 1985;",101,/*+  SeqScan(k) IndexScan(mk keyword_id_movie_keyword_1) SeqScan(cc) SeqScan(cct2) SeqScan(cct1) IndexScan(mi_idx movie_id_movie_info_idx_1) SeqScan(it2) IndexScan(mi movie_id_movie_info_1) IndexScan(t sampled_title_1_pkey) IndexScan(ci movie_id_cast_info_1) IndexScan(n sampled_name_1_pkey) SeqScan(it1) NestLoop(k mk) HashJoin(cc cct2) HashJoin(cc cct2 cct1) HashJoin(k mk cc cct2 cct1) NestLoop(k mk cc cct2 cct1 mi_idx) HashJoin(k mk cc cct2 cct1 mi_idx it2) NestLoop(k mk cc cct2 cct1 mi_idx it2 mi) NestLoop(k mk cc cct2 cct1 mi_idx it2 mi t) NestLoop(k mk cc cct2 cct1 mi_idx it2 mi t ci) NestLoop(k mk cc cct2 cct1 mi_idx it2 mi t ci n) HashJoin(k mk cc cct2 cct1 mi_idx it2 mi t ci n it1) Leading((((((((((k mk) ((cc cct2) cct1)) mi_idx) it2) mi) t) ci) n) it1)) */
"SELECT MIN(mi.info) AS movie_budget, MIN(mi_idx.info) AS movie_votes, MIN(n.name) AS writer, MIN(t.title) AS complete_violent_movie
FROM sampled_complete_cast_1 AS cc,
    sampled_comp_cast_type_1 AS cct1,
    sampled_comp_cast_type_1 AS cct2,
    sampled_cast_info_1 AS ci,
    sampled_info_type_1 AS it1,
    sampled_info_type_1 AS it2,
    sampled_keyword_1 AS k,
    sampled_movie_info_1 AS mi,
    sampled_movie_info_idx_1 AS mi_idx,
    sampled_movie_keyword_1 AS mk,
    sampled_name_1 AS n,
    sampled_title_1 AS t
WHERE t.id = mi.movie_id
AND t.id = mi_idx.movie_id
AND t.id = ci.movie_id
AND t.id = mk.movie_id
AND t.id = cc.movie_id
AND ci.movie_id = mi.movie_id
AND ci.movie_id = mi_idx.movie_id
AND ci.movie_id = mk.movie_id
AND ci.movie_id = cc.movie_id
AND mi.movie_id = mi_idx.movie_id
AND mi.movie_id = mk.movie_id
AND mi.movie_id = cc.movie_id
AND mi_idx.movie_id = mk.movie_id
AND mi_idx.movie_id = cc.movie_id
AND mk.movie_id = cc.movie_id
AND n.id = ci.person_id
AND it1.id = mi.info_type_id
AND it2.id = mi_idx.info_type_id
AND k.id = mk.keyword_id
AND cct1.id = cc.subject_id
AND cct2.id = cc.status_id
AND cct1.kind IN ('crew', 'crew', 'crew', 'crew', 'crew')
AND cct2.kind = 'complete'
AND ci.note IN ('(uncredited)', '(uncredited)', '(uncredited)', '(uncredited)', '(uncredited)')
AND it1.info = 'genres'
AND it2.info = 'votes'
AND k.keyword IN ('violence', 'love', 'love', 'sequel', 'love')
AND mi.info IN ('Comedy', 'Comedy', 'Drama', 'Comedy', 'Comedy')
AND n.gender = 'm'
AND t.production_year > 1972;",101,/*+  SeqScan(k) IndexScan(mk keyword_id_movie_keyword_1) SeqScan(cc) SeqScan(cct2) SeqScan(cct1) IndexScan(mi_idx movie_id_movie_info_idx_1) SeqScan(it2) IndexScan(mi movie_id_movie_info_1) IndexScan(t sampled_title_1_pkey) IndexScan(ci movie_id_cast_info_1) IndexScan(n sampled_name_1_pkey) SeqScan(it1) NestLoop(k mk) HashJoin(cc cct2) HashJoin(cc cct2 cct1) HashJoin(k mk cc cct2 cct1) NestLoop(k mk cc cct2 cct1 mi_idx) HashJoin(k mk cc cct2 cct1 mi_idx it2) NestLoop(k mk cc cct2 cct1 mi_idx it2 mi) NestLoop(k mk cc cct2 cct1 mi_idx it2 mi t) NestLoop(k mk cc cct2 cct1 mi_idx it2 mi t ci) NestLoop(k mk cc cct2 cct1 mi_idx it2 mi t ci n) HashJoin(k mk cc cct2 cct1 mi_idx it2 mi t ci n it1) Leading((((((((((k mk) ((cc cct2) cct1)) mi_idx) it2) mi) t) ci) n) it1)) */
"SELECT MIN(mi.info) AS movie_budget, MIN(mi_idx.info) AS movie_votes, MIN(n.name) AS writer, MIN(t.title) AS complete_violent_movie
FROM sampled_complete_cast_1 AS cc,
    sampled_comp_cast_type_1 AS cct1,
    sampled_comp_cast_type_1 AS cct2,
    sampled_cast_info_1 AS ci,
    sampled_info_type_1 AS it1,
    sampled_info_type_1 AS it2,
    sampled_keyword_1 AS k,
    sampled_movie_info_1 AS mi,
    sampled_movie_info_idx_1 AS mi_idx,
    sampled_movie_keyword_1 AS mk,
    sampled_name_1 AS n,
    sampled_title_1 AS t
WHERE t.id = mi.movie_id
AND t.id = mi_idx.movie_id
AND t.id = ci.movie_id
AND t.id = mk.movie_id
AND t.id = cc.movie_id
AND ci.movie_id = mi.movie_id
AND ci.movie_id = mi_idx.movie_id
AND ci.movie_id = mk.movie_id
AND ci.movie_id = cc.movie_id
AND mi.movie_id = mi_idx.movie_id
AND mi.movie_id = mk.movie_id
AND mi.movie_id = cc.movie_id
AND mi_idx.movie_id = mk.movie_id
AND mi_idx.movie_id = cc.movie_id
AND mk.movie_id = cc.movie_id
AND n.id = ci.person_id
AND it1.id = mi.info_type_id
AND it2.id = mi_idx.info_type_id
AND k.id = mk.keyword_id
AND cct1.id = cc.subject_id
AND cct2.id = cc.status_id
AND cct1.kind IN ('cast', 'cast', 'cast', 'cast', 'cast')
AND cct2.kind = 'complete+verified'
AND ci.note IN ('(executive producer)', '(uncredited)', '(executive producer)', '(uncredited)', '(uncredited)')
AND it1.info = 'genres'
AND it2.info = 'votes'
AND k.keyword IN ('sex', 'sex', 'sex', 'sex', 'sex')
AND mi.info IN ('Documentary', 'Documentary', 'Short', 'Documentary', 'UK')
AND n.gender = 'm'
AND t.production_year > 1970;",101,/*+  SeqScan(k) IndexScan(mk keyword_id_movie_keyword_1) SeqScan(cc) SeqScan(cct2) SeqScan(cct1) IndexScan(mi_idx movie_id_movie_info_idx_1) SeqScan(it2) IndexScan(mi movie_id_movie_info_1) IndexScan(t sampled_title_1_pkey) IndexScan(ci movie_id_cast_info_1) IndexScan(n sampled_name_1_pkey) SeqScan(it1) NestLoop(k mk) HashJoin(cc cct2) HashJoin(cc cct2 cct1) HashJoin(k mk cc cct2 cct1) NestLoop(k mk cc cct2 cct1 mi_idx) HashJoin(k mk cc cct2 cct1 mi_idx it2) NestLoop(k mk cc cct2 cct1 mi_idx it2 mi) NestLoop(k mk cc cct2 cct1 mi_idx it2 mi t) NestLoop(k mk cc cct2 cct1 mi_idx it2 mi t ci) NestLoop(k mk cc cct2 cct1 mi_idx it2 mi t ci n) HashJoin(k mk cc cct2 cct1 mi_idx it2 mi t ci n it1) Leading((((((((((k mk) ((cc cct2) cct1)) mi_idx) it2) mi) t) ci) n) it1)) */
"SELECT MIN(mi.info) AS movie_budget, MIN(mi_idx.info) AS movie_votes, MIN(n.name) AS writer, MIN(t.title) AS complete_violent_movie
FROM sampled_complete_cast_1 AS cc,
    sampled_comp_cast_type_1 AS cct1,
    sampled_comp_cast_type_1 AS cct2,
    sampled_cast_info_1 AS ci,
    sampled_info_type_1 AS it1,
    sampled_info_type_1 AS it2,
    sampled_keyword_1 AS k,
    sampled_movie_info_1 AS mi,
    sampled_movie_info_idx_1 AS mi_idx,
    sampled_movie_keyword_1 AS mk,
    sampled_name_1 AS n,
    sampled_title_1 AS t
WHERE t.id = mi.movie_id
AND t.id = mi_idx.movie_id
AND t.id = ci.movie_id
AND t.id = mk.movie_id
AND t.id = cc.movie_id
AND ci.movie_id = mi.movie_id
AND ci.movie_id = mi_idx.movie_id
AND ci.movie_id = mk.movie_id
AND ci.movie_id = cc.movie_id
AND mi.movie_id = mi_idx.movie_id
AND mi.movie_id = mk.movie_id
AND mi.movie_id = cc.movie_id
AND mi_idx.movie_id = mk.movie_id
AND mi_idx.movie_id = cc.movie_id
AND mk.movie_id = cc.movie_id
AND n.id = ci.person_id
AND it1.id = mi.info_type_id
AND it2.id = mi_idx.info_type_id
AND k.id = mk.keyword_id
AND cct1.id = cc.subject_id
AND cct2.id = cc.status_id
AND cct1.kind IN ('cast', 'cast', 'cast', 'cast', 'cast')
AND cct2.kind = 'complete+verified'
AND ci.note IN ('(producer)', '(producer)', '(producer)', '(executive producer)', '(producer)')
AND it1.info = 'genres'
AND it2.info = 'votes distribution'
AND k.keyword IN ('nudity', 'nudity', 'nudity', 'number-in-title', 'based-on-play')
AND mi.info IN ('Black and White', 'Drama', 'Black and White', 'Drama', 'Drama')
AND n.gender = 'm'
AND t.production_year > 1986;",101,/*+  SeqScan(k) IndexScan(mk keyword_id_movie_keyword_1) SeqScan(cc) SeqScan(cct2) SeqScan(cct1) IndexScan(mi_idx movie_id_movie_info_idx_1) SeqScan(it2) IndexScan(mi movie_id_movie_info_1) IndexScan(t sampled_title_1_pkey) IndexScan(ci movie_id_cast_info_1) IndexScan(n sampled_name_1_pkey) SeqScan(it1) NestLoop(k mk) HashJoin(cc cct2) HashJoin(cc cct2 cct1) HashJoin(k mk cc cct2 cct1) NestLoop(k mk cc cct2 cct1 mi_idx) HashJoin(k mk cc cct2 cct1 mi_idx it2) NestLoop(k mk cc cct2 cct1 mi_idx it2 mi) NestLoop(k mk cc cct2 cct1 mi_idx it2 mi t) NestLoop(k mk cc cct2 cct1 mi_idx it2 mi t ci) NestLoop(k mk cc cct2 cct1 mi_idx it2 mi t ci n) HashJoin(k mk cc cct2 cct1 mi_idx it2 mi t ci n it1) Leading((((((((((k mk) ((cc cct2) cct1)) mi_idx) it2) mi) t) ci) n) it1)) */
"SELECT MIN(mi.info) AS movie_budget, MIN(mi_idx.info) AS movie_votes, MIN(n.name) AS writer, MIN(t.title) AS complete_violent_movie
FROM sampled_complete_cast_1 AS cc,
    sampled_comp_cast_type_1 AS cct1,
    sampled_comp_cast_type_1 AS cct2,
    sampled_cast_info_1 AS ci,
    sampled_info_type_1 AS it1,
    sampled_info_type_1 AS it2,
    sampled_keyword_1 AS k,
    sampled_movie_info_1 AS mi,
    sampled_movie_info_idx_1 AS mi_idx,
    sampled_movie_keyword_1 AS mk,
    sampled_name_1 AS n,
    sampled_title_1 AS t
WHERE t.id = mi.movie_id
AND t.id = mi_idx.movie_id
AND t.id = ci.movie_id
AND t.id = mk.movie_id
AND t.id = cc.movie_id
AND ci.movie_id = mi.movie_id
AND ci.movie_id = mi_idx.movie_id
AND ci.movie_id = mk.movie_id
AND ci.movie_id = cc.movie_id
AND mi.movie_id = mi_idx.movie_id
AND mi.movie_id = mk.movie_id
AND mi.movie_id = cc.movie_id
AND mi_idx.movie_id = mk.movie_id
AND mi_idx.movie_id = cc.movie_id
AND mk.movie_id = cc.movie_id
AND n.id = ci.person_id
AND it1.id = mi.info_type_id
AND it2.id = mi_idx.info_type_id
AND k.id = mk.keyword_id
AND cct1.id = cc.subject_id
AND cct2.id = cc.status_id
AND cct1.kind IN ('cast', 'cast', 'cast', 'cast', 'cast')
AND cct2.kind = 'complete'
AND ci.note IN ('(production assistant)', '(writer)', '(production assistant)', '(writer)', '(associate producer)')
AND it1.info = 'genres'
AND it2.info = 'rating'
AND k.keyword IN ('based-on-novel', 'based-on-novel', 'based-on-novel', 'based-on-novel', 'based-on-novel')
AND mi.info IN ('Drama', 'Drama', 'Drama', 'Drama', 'Comedy')
AND n.gender = 'm'
AND t.production_year > 1987;",101,/*+  SeqScan(k) IndexScan(mk keyword_id_movie_keyword_1) SeqScan(cc) SeqScan(cct2) SeqScan(cct1) IndexScan(mi_idx movie_id_movie_info_idx_1) SeqScan(it2) IndexScan(mi movie_id_movie_info_1) IndexScan(t sampled_title_1_pkey) IndexScan(ci movie_id_cast_info_1) IndexScan(n sampled_name_1_pkey) SeqScan(it1) NestLoop(k mk) HashJoin(cc cct2) HashJoin(cc cct2 cct1) HashJoin(k mk cc cct2 cct1) NestLoop(k mk cc cct2 cct1 mi_idx) HashJoin(k mk cc cct2 cct1 mi_idx it2) NestLoop(k mk cc cct2 cct1 mi_idx it2 mi) NestLoop(k mk cc cct2 cct1 mi_idx it2 mi t) NestLoop(k mk cc cct2 cct1 mi_idx it2 mi t ci) NestLoop(k mk cc cct2 cct1 mi_idx it2 mi t ci n) HashJoin(k mk cc cct2 cct1 mi_idx it2 mi t ci n it1) Leading((((((((((k mk) ((cc cct2) cct1)) mi_idx) it2) mi) t) ci) n) it1)) */
"SELECT MIN(mi.info) AS movie_budget, MIN(mi_idx.info) AS movie_votes, MIN(n.name) AS writer, MIN(t.title) AS complete_violent_movie
FROM sampled_complete_cast_1 AS cc,
    sampled_comp_cast_type_1 AS cct1,
    sampled_comp_cast_type_1 AS cct2,
    sampled_cast_info_1 AS ci,
    sampled_info_type_1 AS it1,
    sampled_info_type_1 AS it2,
    sampled_keyword_1 AS k,
    sampled_movie_info_1 AS mi,
    sampled_movie_info_idx_1 AS mi_idx,
    sampled_movie_keyword_1 AS mk,
    sampled_name_1 AS n,
    sampled_title_1 AS t
WHERE t.id = mi.movie_id
AND t.id = mi_idx.movie_id
AND t.id = ci.movie_id
AND t.id = mk.movie_id
AND t.id = cc.movie_id
AND ci.movie_id = mi.movie_id
AND ci.movie_id = mi_idx.movie_id
AND ci.movie_id = mk.movie_id
AND ci.movie_id = cc.movie_id
AND mi.movie_id = mi_idx.movie_id
AND mi.movie_id = mk.movie_id
AND mi.movie_id = cc.movie_id
AND mi_idx.movie_id = mk.movie_id
AND mi_idx.movie_id = cc.movie_id
AND mk.movie_id = cc.movie_id
AND n.id = ci.person_id
AND it1.id = mi.info_type_id
AND it2.id = mi_idx.info_type_id
AND k.id = mk.keyword_id
AND cct1.id = cc.subject_id
AND cct2.id = cc.status_id
AND cct1.kind IN ('cast', 'cast', 'cast', 'cast', 'cast')
AND cct2.kind = 'complete'
AND ci.note IN ('(executive producer)', '(producer)', '(producer)', '(producer)', '(producer)')
AND it1.info = 'genres'
AND it2.info = 'rating'
AND k.keyword IN ('independent-film', 'character-name-in-title', 'character-name-in-title', 'independent-film', 'independent-film')
AND mi.info IN ('Black and White', 'Drama', 'Drama', 'Black and White', 'Black and White')
AND n.gender = 'm'
AND t.production_year > 1986;",101,/*+  SeqScan(k) IndexScan(mk keyword_id_movie_keyword_1) SeqScan(cc) SeqScan(cct2) SeqScan(cct1) IndexScan(mi_idx movie_id_movie_info_idx_1) SeqScan(it2) IndexScan(mi movie_id_movie_info_1) IndexScan(t sampled_title_1_pkey) IndexScan(ci movie_id_cast_info_1) IndexScan(n sampled_name_1_pkey) SeqScan(it1) NestLoop(k mk) HashJoin(cc cct2) HashJoin(cc cct2 cct1) HashJoin(k mk cc cct2 cct1) NestLoop(k mk cc cct2 cct1 mi_idx) HashJoin(k mk cc cct2 cct1 mi_idx it2) NestLoop(k mk cc cct2 cct1 mi_idx it2 mi) NestLoop(k mk cc cct2 cct1 mi_idx it2 mi t) NestLoop(k mk cc cct2 cct1 mi_idx it2 mi t ci) NestLoop(k mk cc cct2 cct1 mi_idx it2 mi t ci n) HashJoin(k mk cc cct2 cct1 mi_idx it2 mi t ci n it1) Leading((((((((((k mk) ((cc cct2) cct1)) mi_idx) it2) mi) t) ci) n) it1)) */
"SELECT MIN(mi.info) AS movie_budget, MIN(mi_idx.info) AS movie_votes, MIN(n.name) AS writer, MIN(t.title) AS complete_violent_movie
FROM sampled_complete_cast_1 AS cc,
    sampled_comp_cast_type_1 AS cct1,
    sampled_comp_cast_type_1 AS cct2,
    sampled_cast_info_1 AS ci,
    sampled_info_type_1 AS it1,
    sampled_info_type_1 AS it2,
    sampled_keyword_1 AS k,
    sampled_movie_info_1 AS mi,
    sampled_movie_info_idx_1 AS mi_idx,
    sampled_movie_keyword_1 AS mk,
    sampled_name_1 AS n,
    sampled_title_1 AS t
WHERE t.id = mi.movie_id
AND t.id = mi_idx.movie_id
AND t.id = ci.movie_id
AND t.id = mk.movie_id
AND t.id = cc.movie_id
AND ci.movie_id = mi.movie_id
AND ci.movie_id = mi_idx.movie_id
AND ci.movie_id = mk.movie_id
AND ci.movie_id = cc.movie_id
AND mi.movie_id = mi_idx.movie_id
AND mi.movie_id = mk.movie_id
AND mi.movie_id = cc.movie_id
AND mi_idx.movie_id = mk.movie_id
AND mi_idx.movie_id = cc.movie_id
AND mk.movie_id = cc.movie_id
AND n.id = ci.person_id
AND it1.id = mi.info_type_id
AND it2.id = mi_idx.info_type_id
AND k.id = mk.keyword_id
AND cct1.id = cc.subject_id
AND cct2.id = cc.status_id
AND cct1.kind IN ('crew', 'crew', 'crew', 'crew', 'crew')
AND cct2.kind = 'complete+verified'
AND ci.note IN ('(voice)', '(producer)', '(producer)', '(producer)', '(voice)')
AND it1.info = 'countries'
AND it2.info = 'votes distribution'
AND k.keyword IN ('female-nudity', 'female-nudity', 'female-nudity', 'female-nudity', 'female-nudity')
AND mi.info IN ('USA', 'USA', 'USA', 'USA', 'USA')
AND n.gender = 'm'
AND t.production_year > 1992;",101,/*+  SeqScan(k) IndexScan(mk keyword_id_movie_keyword_1) SeqScan(cc) SeqScan(cct2) SeqScan(cct1) IndexScan(mi_idx movie_id_movie_info_idx_1) SeqScan(it2) IndexScan(mi movie_id_movie_info_1) IndexScan(t sampled_title_1_pkey) IndexScan(ci movie_id_cast_info_1) IndexScan(n sampled_name_1_pkey) SeqScan(it1) NestLoop(k mk) HashJoin(cc cct2) HashJoin(cc cct2 cct1) HashJoin(k mk cc cct2 cct1) NestLoop(k mk cc cct2 cct1 mi_idx) HashJoin(k mk cc cct2 cct1 mi_idx it2) NestLoop(k mk cc cct2 cct1 mi_idx it2 mi) NestLoop(k mk cc cct2 cct1 mi_idx it2 mi t) NestLoop(k mk cc cct2 cct1 mi_idx it2 mi t ci) NestLoop(k mk cc cct2 cct1 mi_idx it2 mi t ci n) HashJoin(k mk cc cct2 cct1 mi_idx it2 mi t ci n it1) Leading((((((((((k mk) ((cc cct2) cct1)) mi_idx) it2) mi) t) ci) n) it1)) */
"SELECT MIN(mi.info) AS movie_budget, MIN(mi_idx.info) AS movie_votes, MIN(n.name) AS writer, MIN(t.title) AS complete_violent_movie
FROM sampled_complete_cast_1 AS cc,
    sampled_comp_cast_type_1 AS cct1,
    sampled_comp_cast_type_1 AS cct2,
    sampled_cast_info_1 AS ci,
    sampled_info_type_1 AS it1,
    sampled_info_type_1 AS it2,
    sampled_keyword_1 AS k,
    sampled_movie_info_1 AS mi,
    sampled_movie_info_idx_1 AS mi_idx,
    sampled_movie_keyword_1 AS mk,
    sampled_name_1 AS n,
    sampled_title_1 AS t
WHERE t.id = mi.movie_id
AND t.id = mi_idx.movie_id
AND t.id = ci.movie_id
AND t.id = mk.movie_id
AND t.id = cc.movie_id
AND ci.movie_id = mi.movie_id
AND ci.movie_id = mi_idx.movie_id
AND ci.movie_id = mk.movie_id
AND ci.movie_id = cc.movie_id
AND mi.movie_id = mi_idx.movie_id
AND mi.movie_id = mk.movie_id
AND mi.movie_id = cc.movie_id
AND mi_idx.movie_id = mk.movie_id
AND mi_idx.movie_id = cc.movie_id
AND mk.movie_id = cc.movie_id
AND n.id = ci.person_id
AND it1.id = mi.info_type_id
AND it2.id = mi_idx.info_type_id
AND k.id = mk.keyword_id
AND cct1.id = cc.subject_id
AND cct2.id = cc.status_id
AND cct1.kind IN ('cast', 'cast', 'cast', 'cast', 'cast')
AND cct2.kind = 'complete'
AND ci.note IN ('(voice)', '(voice)', '(voice)', '(voice)', '(voice)')
AND it1.info = 'countries'
AND it2.info = 'votes'
AND k.keyword IN ('independent-film', 'independent-film', 'independent-film', 'character-name-in-title', 'independent-film')
AND mi.info IN ('USA', 'PFM:35 mm', 'PFM:35 mm', 'USA', 'USA')
AND n.gender = 'm'
AND t.production_year > 1971;",101,/*+  SeqScan(k) IndexScan(mk keyword_id_movie_keyword_1) SeqScan(cc) SeqScan(cct2) SeqScan(cct1) IndexScan(mi_idx movie_id_movie_info_idx_1) SeqScan(it2) IndexScan(mi movie_id_movie_info_1) IndexScan(t sampled_title_1_pkey) IndexScan(ci movie_id_cast_info_1) IndexScan(n sampled_name_1_pkey) SeqScan(it1) NestLoop(k mk) HashJoin(cc cct2) HashJoin(cc cct2 cct1) HashJoin(k mk cc cct2 cct1) NestLoop(k mk cc cct2 cct1 mi_idx) HashJoin(k mk cc cct2 cct1 mi_idx it2) NestLoop(k mk cc cct2 cct1 mi_idx it2 mi) NestLoop(k mk cc cct2 cct1 mi_idx it2 mi t) NestLoop(k mk cc cct2 cct1 mi_idx it2 mi t ci) NestLoop(k mk cc cct2 cct1 mi_idx it2 mi t ci n) HashJoin(k mk cc cct2 cct1 mi_idx it2 mi t ci n it1) Leading((((((((((k mk) ((cc cct2) cct1)) mi_idx) it2) mi) t) ci) n) it1)) */
"SELECT MIN(mi.info) AS movie_budget, MIN(mi_idx.info) AS movie_votes, MIN(n.name) AS writer, MIN(t.title) AS complete_violent_movie
FROM sampled_complete_cast_1 AS cc,
    sampled_comp_cast_type_1 AS cct1,
    sampled_comp_cast_type_1 AS cct2,
    sampled_cast_info_1 AS ci,
    sampled_info_type_1 AS it1,
    sampled_info_type_1 AS it2,
    sampled_keyword_1 AS k,
    sampled_movie_info_1 AS mi,
    sampled_movie_info_idx_1 AS mi_idx,
    sampled_movie_keyword_1 AS mk,
    sampled_name_1 AS n,
    sampled_title_1 AS t
WHERE t.id = mi.movie_id
AND t.id = mi_idx.movie_id
AND t.id = ci.movie_id
AND t.id = mk.movie_id
AND t.id = cc.movie_id
AND ci.movie_id = mi.movie_id
AND ci.movie_id = mi_idx.movie_id
AND ci.movie_id = mk.movie_id
AND ci.movie_id = cc.movie_id
AND mi.movie_id = mi_idx.movie_id
AND mi.movie_id = mk.movie_id
AND mi.movie_id = cc.movie_id
AND mi_idx.movie_id = mk.movie_id
AND mi_idx.movie_id = cc.movie_id
AND mk.movie_id = cc.movie_id
AND n.id = ci.person_id
AND it1.id = mi.info_type_id
AND it2.id = mi_idx.info_type_id
AND k.id = mk.keyword_id
AND cct1.id = cc.subject_id
AND cct2.id = cc.status_id
AND cct1.kind IN ('crew', 'crew', 'crew', 'crew', 'crew')
AND cct2.kind = 'complete'
AND ci.note IN ('(uncredited)', '(uncredited)', '(uncredited)', '(uncredited)', '(uncredited)')
AND it1.info = 'genres'
AND it2.info = 'votes distribution'
AND k.keyword IN ('based-on-novel', 'based-on-novel', 'based-on-novel', 'based-on-novel', 'based-on-novel')
AND mi.info IN ('Short', 'UK', 'Short', 'Documentary', 'Comedy')
AND n.gender = 'm'
AND t.production_year > 1984;",101,/*+  SeqScan(k) IndexScan(mk keyword_id_movie_keyword_1) SeqScan(cc) SeqScan(cct2) SeqScan(cct1) IndexScan(mi_idx movie_id_movie_info_idx_1) SeqScan(it2) IndexScan(mi movie_id_movie_info_1) IndexScan(t sampled_title_1_pkey) IndexScan(ci movie_id_cast_info_1) IndexScan(n sampled_name_1_pkey) SeqScan(it1) NestLoop(k mk) HashJoin(cc cct2) HashJoin(cc cct2 cct1) HashJoin(k mk cc cct2 cct1) NestLoop(k mk cc cct2 cct1 mi_idx) HashJoin(k mk cc cct2 cct1 mi_idx it2) NestLoop(k mk cc cct2 cct1 mi_idx it2 mi) NestLoop(k mk cc cct2 cct1 mi_idx it2 mi t) NestLoop(k mk cc cct2 cct1 mi_idx it2 mi t ci) NestLoop(k mk cc cct2 cct1 mi_idx it2 mi t ci n) HashJoin(k mk cc cct2 cct1 mi_idx it2 mi t ci n it1) Leading((((((((((k mk) ((cc cct2) cct1)) mi_idx) it2) mi) t) ci) n) it1)) */
"SELECT MIN(mi.info) AS movie_budget, MIN(mi_idx.info) AS movie_votes, MIN(n.name) AS writer, MIN(t.title) AS complete_violent_movie
FROM sampled_complete_cast_1 AS cc,
    sampled_comp_cast_type_1 AS cct1,
    sampled_comp_cast_type_1 AS cct2,
    sampled_cast_info_1 AS ci,
    sampled_info_type_1 AS it1,
    sampled_info_type_1 AS it2,
    sampled_keyword_1 AS k,
    sampled_movie_info_1 AS mi,
    sampled_movie_info_idx_1 AS mi_idx,
    sampled_movie_keyword_1 AS mk,
    sampled_name_1 AS n,
    sampled_title_1 AS t
WHERE t.id = mi.movie_id
AND t.id = mi_idx.movie_id
AND t.id = ci.movie_id
AND t.id = mk.movie_id
AND t.id = cc.movie_id
AND ci.movie_id = mi.movie_id
AND ci.movie_id = mi_idx.movie_id
AND ci.movie_id = mk.movie_id
AND ci.movie_id = cc.movie_id
AND mi.movie_id = mi_idx.movie_id
AND mi.movie_id = mk.movie_id
AND mi.movie_id = cc.movie_id
AND mi_idx.movie_id = mk.movie_id
AND mi_idx.movie_id = cc.movie_id
AND mk.movie_id = cc.movie_id
AND n.id = ci.person_id
AND it1.id = mi.info_type_id
AND it2.id = mi_idx.info_type_id
AND k.id = mk.keyword_id
AND cct1.id = cc.subject_id
AND cct2.id = cc.status_id
AND cct1.kind IN ('crew', 'crew', 'crew', 'crew', 'crew')
AND cct2.kind = 'complete'
AND ci.note IN ('(producer)', '(uncredited)', '(producer)', '(producer)', '(producer)')
AND it1.info = 'countries'
AND it2.info = 'top 250 rank'
AND k.keyword IN ('female-nudity', 'female-nudity', 'female-nudity', 'female-nudity', 'female-nudity')
AND mi.info IN ('USA', 'USA', 'USA', 'USA', 'USA')
AND n.gender = 'm'
AND t.production_year > 1980;",101,/*+  SeqScan(k) IndexScan(mk keyword_id_movie_keyword_1) SeqScan(cc) SeqScan(cct2) SeqScan(cct1) IndexScan(mi_idx movie_id_movie_info_idx_1) SeqScan(it2) IndexScan(mi movie_id_movie_info_1) IndexScan(t sampled_title_1_pkey) IndexScan(ci movie_id_cast_info_1) IndexScan(n sampled_name_1_pkey) SeqScan(it1) NestLoop(k mk) HashJoin(cc cct2) HashJoin(cc cct2 cct1) HashJoin(k mk cc cct2 cct1) NestLoop(k mk cc cct2 cct1 mi_idx) HashJoin(k mk cc cct2 cct1 mi_idx it2) NestLoop(k mk cc cct2 cct1 mi_idx it2 mi) NestLoop(k mk cc cct2 cct1 mi_idx it2 mi t) NestLoop(k mk cc cct2 cct1 mi_idx it2 mi t ci) NestLoop(k mk cc cct2 cct1 mi_idx it2 mi t ci n) HashJoin(k mk cc cct2 cct1 mi_idx it2 mi t ci n it1) Leading((((((((((k mk) ((cc cct2) cct1)) mi_idx) it2) mi) t) ci) n) it1)) */
"SELECT MIN(mi.info) AS movie_budget, MIN(mi_idx.info) AS movie_votes, MIN(n.name) AS writer, MIN(t.title) AS complete_violent_movie
FROM sampled_complete_cast_1 AS cc,
    sampled_comp_cast_type_1 AS cct1,
    sampled_comp_cast_type_1 AS cct2,
    sampled_cast_info_1 AS ci,
    sampled_info_type_1 AS it1,
    sampled_info_type_1 AS it2,
    sampled_keyword_1 AS k,
    sampled_movie_info_1 AS mi,
    sampled_movie_info_idx_1 AS mi_idx,
    sampled_movie_keyword_1 AS mk,
    sampled_name_1 AS n,
    sampled_title_1 AS t
WHERE t.id = mi.movie_id
AND t.id = mi_idx.movie_id
AND t.id = ci.movie_id
AND t.id = mk.movie_id
AND t.id = cc.movie_id
AND ci.movie_id = mi.movie_id
AND ci.movie_id = mi_idx.movie_id
AND ci.movie_id = mk.movie_id
AND ci.movie_id = cc.movie_id
AND mi.movie_id = mi_idx.movie_id
AND mi.movie_id = mk.movie_id
AND mi.movie_id = cc.movie_id
AND mi_idx.movie_id = mk.movie_id
AND mi_idx.movie_id = cc.movie_id
AND mk.movie_id = cc.movie_id
AND n.id = ci.person_id
AND it1.id = mi.info_type_id
AND it2.id = mi_idx.info_type_id
AND k.id = mk.keyword_id
AND cct1.id = cc.subject_id
AND cct2.id = cc.status_id
AND cct1.kind IN ('crew', 'crew', 'crew', 'crew', 'crew')
AND cct2.kind = 'complete'
AND ci.note IN ('(uncredited)', '(uncredited)', '(production assistant)', '(voice)', '(production assistant)')
AND it1.info = 'countries'
AND it2.info = 'votes distribution'
AND k.keyword IN ('independent-film', 'character-name-in-title', 'independent-film', 'independent-film', 'independent-film')
AND mi.info IN ('USA', 'USA', 'USA', 'USA', 'USA')
AND n.gender = 'm'
AND t.production_year > 1961;",101,/*+  SeqScan(k) IndexScan(mk keyword_id_movie_keyword_1) SeqScan(cc) SeqScan(cct2) SeqScan(cct1) IndexScan(mi_idx movie_id_movie_info_idx_1) SeqScan(it2) IndexScan(mi movie_id_movie_info_1) IndexScan(t sampled_title_1_pkey) IndexScan(ci movie_id_cast_info_1) IndexScan(n sampled_name_1_pkey) SeqScan(it1) NestLoop(k mk) HashJoin(cc cct2) HashJoin(cc cct2 cct1) HashJoin(k mk cc cct2 cct1) NestLoop(k mk cc cct2 cct1 mi_idx) HashJoin(k mk cc cct2 cct1 mi_idx it2) NestLoop(k mk cc cct2 cct1 mi_idx it2 mi) NestLoop(k mk cc cct2 cct1 mi_idx it2 mi t) NestLoop(k mk cc cct2 cct1 mi_idx it2 mi t ci) NestLoop(k mk cc cct2 cct1 mi_idx it2 mi t ci n) HashJoin(k mk cc cct2 cct1 mi_idx it2 mi t ci n it1) Leading((((((((((k mk) ((cc cct2) cct1)) mi_idx) it2) mi) t) ci) n) it1)) */
"SELECT MIN(mi.info) AS movie_budget, MIN(mi_idx.info) AS movie_votes, MIN(n.name) AS writer, MIN(t.title) AS complete_violent_movie
FROM sampled_complete_cast_1 AS cc,
    sampled_comp_cast_type_1 AS cct1,
    sampled_comp_cast_type_1 AS cct2,
    sampled_cast_info_1 AS ci,
    sampled_info_type_1 AS it1,
    sampled_info_type_1 AS it2,
    sampled_keyword_1 AS k,
    sampled_movie_info_1 AS mi,
    sampled_movie_info_idx_1 AS mi_idx,
    sampled_movie_keyword_1 AS mk,
    sampled_name_1 AS n,
    sampled_title_1 AS t
WHERE t.id = mi.movie_id
AND t.id = mi_idx.movie_id
AND t.id = ci.movie_id
AND t.id = mk.movie_id
AND t.id = cc.movie_id
AND ci.movie_id = mi.movie_id
AND ci.movie_id = mi_idx.movie_id
AND ci.movie_id = mk.movie_id
AND ci.movie_id = cc.movie_id
AND mi.movie_id = mi_idx.movie_id
AND mi.movie_id = mk.movie_id
AND mi.movie_id = cc.movie_id
AND mi_idx.movie_id = mk.movie_id
AND mi_idx.movie_id = cc.movie_id
AND mk.movie_id = cc.movie_id
AND n.id = ci.person_id
AND it1.id = mi.info_type_id
AND it2.id = mi_idx.info_type_id
AND k.id = mk.keyword_id
AND cct1.id = cc.subject_id
AND cct2.id = cc.status_id
AND cct1.kind IN ('crew', 'crew', 'crew', 'crew', 'crew')
AND cct2.kind = 'complete+verified'
AND ci.note IN ('(producer)', '(production assistant)', '(production assistant)', '(writer)', '(production assistant)')
AND it1.info = 'countries'
AND it2.info = 'rating'
AND k.keyword IN ('female-nudity', 'female-nudity', 'female-nudity', 'female-nudity', 'female-nudity')
AND mi.info IN ('USA', '-', 'USA', 'USA', '-')
AND n.gender = 'm'
AND t.production_year > 1985;",101,/*+  SeqScan(k) IndexScan(mk keyword_id_movie_keyword_1) SeqScan(cc) SeqScan(cct2) SeqScan(cct1) IndexScan(mi_idx movie_id_movie_info_idx_1) SeqScan(it2) IndexScan(mi movie_id_movie_info_1) IndexScan(t sampled_title_1_pkey) IndexScan(ci movie_id_cast_info_1) IndexScan(n sampled_name_1_pkey) SeqScan(it1) NestLoop(k mk) HashJoin(cc cct2) HashJoin(cc cct2 cct1) HashJoin(k mk cc cct2 cct1) NestLoop(k mk cc cct2 cct1 mi_idx) HashJoin(k mk cc cct2 cct1 mi_idx it2) NestLoop(k mk cc cct2 cct1 mi_idx it2 mi) NestLoop(k mk cc cct2 cct1 mi_idx it2 mi t) NestLoop(k mk cc cct2 cct1 mi_idx it2 mi t ci) NestLoop(k mk cc cct2 cct1 mi_idx it2 mi t ci n) HashJoin(k mk cc cct2 cct1 mi_idx it2 mi t ci n it1) Leading((((((((((k mk) ((cc cct2) cct1)) mi_idx) it2) mi) t) ci) n) it1)) */
"SELECT MIN(mi.info) AS movie_budget, MIN(mi_idx.info) AS movie_votes, MIN(n.name) AS writer, MIN(t.title) AS complete_violent_movie
FROM sampled_complete_cast_1 AS cc,
    sampled_comp_cast_type_1 AS cct1,
    sampled_comp_cast_type_1 AS cct2,
    sampled_cast_info_1 AS ci,
    sampled_info_type_1 AS it1,
    sampled_info_type_1 AS it2,
    sampled_keyword_1 AS k,
    sampled_movie_info_1 AS mi,
    sampled_movie_info_idx_1 AS mi_idx,
    sampled_movie_keyword_1 AS mk,
    sampled_name_1 AS n,
    sampled_title_1 AS t
WHERE t.id = mi.movie_id
AND t.id = mi_idx.movie_id
AND t.id = ci.movie_id
AND t.id = mk.movie_id
AND t.id = cc.movie_id
AND ci.movie_id = mi.movie_id
AND ci.movie_id = mi_idx.movie_id
AND ci.movie_id = mk.movie_id
AND ci.movie_id = cc.movie_id
AND mi.movie_id = mi_idx.movie_id
AND mi.movie_id = mk.movie_id
AND mi.movie_id = cc.movie_id
AND mi_idx.movie_id = mk.movie_id
AND mi_idx.movie_id = cc.movie_id
AND mk.movie_id = cc.movie_id
AND n.id = ci.person_id
AND it1.id = mi.info_type_id
AND it2.id = mi_idx.info_type_id
AND k.id = mk.keyword_id
AND cct1.id = cc.subject_id
AND cct2.id = cc.status_id
AND cct1.kind IN ('crew', 'crew', 'crew', 'crew', 'crew')
AND cct2.kind = 'complete'
AND ci.note IN ('(executive producer)', '(voice)', '(voice)', '(executive producer)', '(writer)')
AND it1.info = 'genres'
AND it2.info = 'rating'
AND k.keyword IN ('nudity', 'nudity', 'number-in-title', 'based-on-play', 'nudity')
AND mi.info IN ('Drama', 'Drama', 'Drama', 'RAT:1.33 : 1', 'Drama')
AND n.gender = 'm'
AND t.production_year > 1992;",101,/*+  SeqScan(k) IndexScan(mk keyword_id_movie_keyword_1) SeqScan(cc) SeqScan(cct2) SeqScan(cct1) IndexScan(mi_idx movie_id_movie_info_idx_1) SeqScan(it2) IndexScan(mi movie_id_movie_info_1) IndexScan(t sampled_title_1_pkey) IndexScan(ci movie_id_cast_info_1) IndexScan(n sampled_name_1_pkey) SeqScan(it1) NestLoop(k mk) HashJoin(cc cct2) HashJoin(cc cct2 cct1) HashJoin(k mk cc cct2 cct1) NestLoop(k mk cc cct2 cct1 mi_idx) HashJoin(k mk cc cct2 cct1 mi_idx it2) NestLoop(k mk cc cct2 cct1 mi_idx it2 mi) NestLoop(k mk cc cct2 cct1 mi_idx it2 mi t) NestLoop(k mk cc cct2 cct1 mi_idx it2 mi t ci) NestLoop(k mk cc cct2 cct1 mi_idx it2 mi t ci n) HashJoin(k mk cc cct2 cct1 mi_idx it2 mi t ci n it1) Leading((((((((((k mk) ((cc cct2) cct1)) mi_idx) it2) mi) t) ci) n) it1)) */
"SELECT MIN(mi.info) AS movie_budget, MIN(mi_idx.info) AS movie_votes, MIN(n.name) AS writer, MIN(t.title) AS complete_violent_movie
FROM sampled_complete_cast_1 AS cc,
    sampled_comp_cast_type_1 AS cct1,
    sampled_comp_cast_type_1 AS cct2,
    sampled_cast_info_1 AS ci,
    sampled_info_type_1 AS it1,
    sampled_info_type_1 AS it2,
    sampled_keyword_1 AS k,
    sampled_movie_info_1 AS mi,
    sampled_movie_info_idx_1 AS mi_idx,
    sampled_movie_keyword_1 AS mk,
    sampled_name_1 AS n,
    sampled_title_1 AS t
WHERE t.id = mi.movie_id
AND t.id = mi_idx.movie_id
AND t.id = ci.movie_id
AND t.id = mk.movie_id
AND t.id = cc.movie_id
AND ci.movie_id = mi.movie_id
AND ci.movie_id = mi_idx.movie_id
AND ci.movie_id = mk.movie_id
AND ci.movie_id = cc.movie_id
AND mi.movie_id = mi_idx.movie_id
AND mi.movie_id = mk.movie_id
AND mi.movie_id = cc.movie_id
AND mi_idx.movie_id = mk.movie_id
AND mi_idx.movie_id = cc.movie_id
AND mk.movie_id = cc.movie_id
AND n.id = ci.person_id
AND it1.id = mi.info_type_id
AND it2.id = mi_idx.info_type_id
AND k.id = mk.keyword_id
AND cct1.id = cc.subject_id
AND cct2.id = cc.status_id
AND cct1.kind IN ('cast', 'cast', 'cast', 'cast', 'cast')
AND cct2.kind = 'complete+verified'
AND ci.note IN ('(executive producer)', '(writer)', '(producer)', '(voice)', '(producer)')
AND it1.info = 'countries'
AND it2.info = 'votes distribution'
AND k.keyword IN ('chinese-house-of-pleasure', 'canon', 'talking-through-buttocks', 'grass-roots-movement', 'remembering-the-past')
AND mi.info IN ('Mono', 'Black and White', 'Color', 'USA', 'English')
AND n.gender = 'm'
AND t.production_year > 1966;",101,/*+  SeqScan(k) IndexScan(mk keyword_id_movie_keyword_1) SeqScan(cc) SeqScan(cct2) SeqScan(cct1) IndexScan(mi_idx movie_id_movie_info_idx_1) SeqScan(it2) IndexScan(mi movie_id_movie_info_1) IndexScan(t sampled_title_1_pkey) IndexScan(ci movie_id_cast_info_1) IndexScan(n sampled_name_1_pkey) SeqScan(it1) NestLoop(k mk) HashJoin(cc cct2) HashJoin(cc cct2 cct1) HashJoin(k mk cc cct2 cct1) NestLoop(k mk cc cct2 cct1 mi_idx) HashJoin(k mk cc cct2 cct1 mi_idx it2) NestLoop(k mk cc cct2 cct1 mi_idx it2 mi) NestLoop(k mk cc cct2 cct1 mi_idx it2 mi t) NestLoop(k mk cc cct2 cct1 mi_idx it2 mi t ci) NestLoop(k mk cc cct2 cct1 mi_idx it2 mi t ci n) HashJoin(k mk cc cct2 cct1 mi_idx it2 mi t ci n it1) Leading((((((((((k mk) ((cc cct2) cct1)) mi_idx) it2) mi) t) ci) n) it1)) */
"SELECT MIN(mi.info) AS movie_budget, MIN(mi_idx.info) AS movie_votes, MIN(n.name) AS writer, MIN(t.title) AS complete_violent_movie
FROM sampled_complete_cast_1 AS cc,
    sampled_comp_cast_type_1 AS cct1,
    sampled_comp_cast_type_1 AS cct2,
    sampled_cast_info_1 AS ci,
    sampled_info_type_1 AS it1,
    sampled_info_type_1 AS it2,
    sampled_keyword_1 AS k,
    sampled_movie_info_1 AS mi,
    sampled_movie_info_idx_1 AS mi_idx,
    sampled_movie_keyword_1 AS mk,
    sampled_name_1 AS n,
    sampled_title_1 AS t
WHERE t.id = mi.movie_id
AND t.id = mi_idx.movie_id
AND t.id = ci.movie_id
AND t.id = mk.movie_id
AND t.id = cc.movie_id
AND ci.movie_id = mi.movie_id
AND ci.movie_id = mi_idx.movie_id
AND ci.movie_id = mk.movie_id
AND ci.movie_id = cc.movie_id
AND mi.movie_id = mi_idx.movie_id
AND mi.movie_id = mk.movie_id
AND mi.movie_id = cc.movie_id
AND mi_idx.movie_id = mk.movie_id
AND mi_idx.movie_id = cc.movie_id
AND mk.movie_id = cc.movie_id
AND n.id = ci.person_id
AND it1.id = mi.info_type_id
AND it2.id = mi_idx.info_type_id
AND k.id = mk.keyword_id
AND cct1.id = cc.subject_id
AND cct2.id = cc.status_id
AND cct1.kind IN ('crew', 'crew', 'crew', 'crew', 'crew')
AND cct2.kind = 'complete+verified'
AND ci.note IN ('(producer)', '(uncredited)', '(producer)', '(uncredited)', '(producer)')
AND it1.info = 'genres'
AND it2.info = 'votes'
AND k.keyword IN ('murder', 'murder', 'murder', 'murder', 'murder')
AND mi.info IN ('Drama', 'Comedy', 'RAT:1.33 : 1', 'PFM:35 mm', 'OFM:35 mm')
AND n.gender = 'm'
AND t.production_year > 1990;",101,/*+  SeqScan(k) IndexScan(mk keyword_id_movie_keyword_1) SeqScan(cc) SeqScan(cct2) SeqScan(cct1) IndexScan(mi_idx movie_id_movie_info_idx_1) SeqScan(it2) IndexScan(mi movie_id_movie_info_1) IndexScan(t sampled_title_1_pkey) IndexScan(ci movie_id_cast_info_1) IndexScan(n sampled_name_1_pkey) SeqScan(it1) NestLoop(k mk) HashJoin(cc cct2) HashJoin(cc cct2 cct1) HashJoin(k mk cc cct2 cct1) NestLoop(k mk cc cct2 cct1 mi_idx) HashJoin(k mk cc cct2 cct1 mi_idx it2) NestLoop(k mk cc cct2 cct1 mi_idx it2 mi) NestLoop(k mk cc cct2 cct1 mi_idx it2 mi t) NestLoop(k mk cc cct2 cct1 mi_idx it2 mi t ci) NestLoop(k mk cc cct2 cct1 mi_idx it2 mi t ci n) HashJoin(k mk cc cct2 cct1 mi_idx it2 mi t ci n it1) Leading((((((((((k mk) ((cc cct2) cct1)) mi_idx) it2) mi) t) ci) n) it1)) */
"SELECT MIN(mi.info) AS movie_budget, MIN(mi_idx.info) AS movie_votes, MIN(n.name) AS writer, MIN(t.title) AS complete_violent_movie
FROM sampled_complete_cast_1 AS cc,
    sampled_comp_cast_type_1 AS cct1,
    sampled_comp_cast_type_1 AS cct2,
    sampled_cast_info_1 AS ci,
    sampled_info_type_1 AS it1,
    sampled_info_type_1 AS it2,
    sampled_keyword_1 AS k,
    sampled_movie_info_1 AS mi,
    sampled_movie_info_idx_1 AS mi_idx,
    sampled_movie_keyword_1 AS mk,
    sampled_name_1 AS n,
    sampled_title_1 AS t
WHERE t.id = mi.movie_id
AND t.id = mi_idx.movie_id
AND t.id = ci.movie_id
AND t.id = mk.movie_id
AND t.id = cc.movie_id
AND ci.movie_id = mi.movie_id
AND ci.movie_id = mi_idx.movie_id
AND ci.movie_id = mk.movie_id
AND ci.movie_id = cc.movie_id
AND mi.movie_id = mi_idx.movie_id
AND mi.movie_id = mk.movie_id
AND mi.movie_id = cc.movie_id
AND mi_idx.movie_id = mk.movie_id
AND mi_idx.movie_id = cc.movie_id
AND mk.movie_id = cc.movie_id
AND n.id = ci.person_id
AND it1.id = mi.info_type_id
AND it2.id = mi_idx.info_type_id
AND k.id = mk.keyword_id
AND cct1.id = cc.subject_id
AND cct2.id = cc.status_id
AND cct1.kind IN ('crew', 'crew', 'crew', 'crew', 'crew')
AND cct2.kind = 'complete+verified'
AND ci.note IN ('(voice)', '(voice)', '(production assistant)', '(voice)', '(production assistant)')
AND it1.info = 'countries'
AND it2.info = 'votes'
AND k.keyword IN ('sex', 'sex', 'sex', 'sex', 'sex')
AND mi.info IN ('USA', 'USA', 'USA', 'USA', 'USA')
AND n.gender = 'm'
AND t.production_year > 1981;",101,/*+  SeqScan(k) IndexScan(mk keyword_id_movie_keyword_1) SeqScan(cc) SeqScan(cct2) SeqScan(cct1) IndexScan(mi_idx movie_id_movie_info_idx_1) SeqScan(it2) IndexScan(mi movie_id_movie_info_1) IndexScan(t sampled_title_1_pkey) IndexScan(ci movie_id_cast_info_1) IndexScan(n sampled_name_1_pkey) SeqScan(it1) NestLoop(k mk) HashJoin(cc cct2) HashJoin(cc cct2 cct1) HashJoin(k mk cc cct2 cct1) NestLoop(k mk cc cct2 cct1 mi_idx) HashJoin(k mk cc cct2 cct1 mi_idx it2) NestLoop(k mk cc cct2 cct1 mi_idx it2 mi) NestLoop(k mk cc cct2 cct1 mi_idx it2 mi t) NestLoop(k mk cc cct2 cct1 mi_idx it2 mi t ci) NestLoop(k mk cc cct2 cct1 mi_idx it2 mi t ci n) HashJoin(k mk cc cct2 cct1 mi_idx it2 mi t ci n it1) Leading((((((((((k mk) ((cc cct2) cct1)) mi_idx) it2) mi) t) ci) n) it1)) */
"SELECT MIN(mi.info) AS movie_budget, MIN(mi_idx.info) AS movie_votes, MIN(n.name) AS writer, MIN(t.title) AS complete_violent_movie
FROM sampled_complete_cast_1 AS cc,
    sampled_comp_cast_type_1 AS cct1,
    sampled_comp_cast_type_1 AS cct2,
    sampled_cast_info_1 AS ci,
    sampled_info_type_1 AS it1,
    sampled_info_type_1 AS it2,
    sampled_keyword_1 AS k,
    sampled_movie_info_1 AS mi,
    sampled_movie_info_idx_1 AS mi_idx,
    sampled_movie_keyword_1 AS mk,
    sampled_name_1 AS n,
    sampled_title_1 AS t
WHERE t.id = mi.movie_id
AND t.id = mi_idx.movie_id
AND t.id = ci.movie_id
AND t.id = mk.movie_id
AND t.id = cc.movie_id
AND ci.movie_id = mi.movie_id
AND ci.movie_id = mi_idx.movie_id
AND ci.movie_id = mk.movie_id
AND ci.movie_id = cc.movie_id
AND mi.movie_id = mi_idx.movie_id
AND mi.movie_id = mk.movie_id
AND mi.movie_id = cc.movie_id
AND mi_idx.movie_id = mk.movie_id
AND mi_idx.movie_id = cc.movie_id
AND mk.movie_id = cc.movie_id
AND n.id = ci.person_id
AND it1.id = mi.info_type_id
AND it2.id = mi_idx.info_type_id
AND k.id = mk.keyword_id
AND cct1.id = cc.subject_id
AND cct2.id = cc.status_id
AND cct1.kind IN ('cast', 'cast', 'cast', 'cast', 'cast')
AND cct2.kind = 'complete'
AND ci.note IN ('(associate producer)', '(voice)', '(associate producer)', '(written by)', '(screenplay)')
AND it1.info = 'genres'
AND it2.info = 'votes'
AND k.keyword IN ('based-on-play', 'based-on-play', 'based-on-play', 'based-on-play', 'nudity')
AND mi.info IN ('UK:18', 'Horror', 'Sweden:15', 'Action', 'Pan & Scan')
AND n.gender = 'm'
AND t.production_year > 1976;",101,/*+  SeqScan(k) IndexScan(mk keyword_id_movie_keyword_1) SeqScan(cc) SeqScan(cct2) SeqScan(cct1) IndexScan(mi_idx movie_id_movie_info_idx_1) SeqScan(it2) IndexScan(mi movie_id_movie_info_1) IndexScan(t sampled_title_1_pkey) IndexScan(ci movie_id_cast_info_1) IndexScan(n sampled_name_1_pkey) SeqScan(it1) NestLoop(k mk) HashJoin(cc cct2) HashJoin(cc cct2 cct1) HashJoin(k mk cc cct2 cct1) NestLoop(k mk cc cct2 cct1 mi_idx) HashJoin(k mk cc cct2 cct1 mi_idx it2) NestLoop(k mk cc cct2 cct1 mi_idx it2 mi) NestLoop(k mk cc cct2 cct1 mi_idx it2 mi t) NestLoop(k mk cc cct2 cct1 mi_idx it2 mi t ci) NestLoop(k mk cc cct2 cct1 mi_idx it2 mi t ci n) HashJoin(k mk cc cct2 cct1 mi_idx it2 mi t ci n it1) Leading((((((((((k mk) ((cc cct2) cct1)) mi_idx) it2) mi) t) ci) n) it1)) */
"SELECT MIN(mi.info) AS movie_budget, MIN(mi_idx.info) AS movie_votes, MIN(n.name) AS writer, MIN(t.title) AS complete_violent_movie
FROM sampled_complete_cast_1 AS cc,
    sampled_comp_cast_type_1 AS cct1,
    sampled_comp_cast_type_1 AS cct2,
    sampled_cast_info_1 AS ci,
    sampled_info_type_1 AS it1,
    sampled_info_type_1 AS it2,
    sampled_keyword_1 AS k,
    sampled_movie_info_1 AS mi,
    sampled_movie_info_idx_1 AS mi_idx,
    sampled_movie_keyword_1 AS mk,
    sampled_name_1 AS n,
    sampled_title_1 AS t
WHERE t.id = mi.movie_id
AND t.id = mi_idx.movie_id
AND t.id = ci.movie_id
AND t.id = mk.movie_id
AND t.id = cc.movie_id
AND ci.movie_id = mi.movie_id
AND ci.movie_id = mi_idx.movie_id
AND ci.movie_id = mk.movie_id
AND ci.movie_id = cc.movie_id
AND mi.movie_id = mi_idx.movie_id
AND mi.movie_id = mk.movie_id
AND mi.movie_id = cc.movie_id
AND mi_idx.movie_id = mk.movie_id
AND mi_idx.movie_id = cc.movie_id
AND mk.movie_id = cc.movie_id
AND n.id = ci.person_id
AND it1.id = mi.info_type_id
AND it2.id = mi_idx.info_type_id
AND k.id = mk.keyword_id
AND cct1.id = cc.subject_id
AND cct2.id = cc.status_id
AND cct1.kind IN ('cast', 'cast', 'cast', 'cast', 'cast')
AND cct2.kind = 'complete+verified'
AND ci.note IN ('(writer)', '(location manager)', '(story)', '(writer)', '(screenplay)')
AND it1.info = 'countries'
AND it2.info = 'votes distribution'
AND k.keyword IN ('independent-film', 'independent-film', 'character-name-in-title', 'character-name-in-title', 'independent-film')
AND mi.info IN ('OFM:35 mm', 'PFM:35 mm', 'PFM:35 mm', 'USA', 'USA')
AND n.gender = 'm'
AND t.production_year > 1988;",101,/*+  SeqScan(k) IndexScan(mk keyword_id_movie_keyword_1) SeqScan(cc) SeqScan(cct2) SeqScan(cct1) IndexScan(mi_idx movie_id_movie_info_idx_1) SeqScan(it2) IndexScan(mi movie_id_movie_info_1) IndexScan(t sampled_title_1_pkey) IndexScan(ci movie_id_cast_info_1) IndexScan(n sampled_name_1_pkey) SeqScan(it1) NestLoop(k mk) HashJoin(cc cct2) HashJoin(cc cct2 cct1) HashJoin(k mk cc cct2 cct1) NestLoop(k mk cc cct2 cct1 mi_idx) HashJoin(k mk cc cct2 cct1 mi_idx it2) NestLoop(k mk cc cct2 cct1 mi_idx it2 mi) NestLoop(k mk cc cct2 cct1 mi_idx it2 mi t) NestLoop(k mk cc cct2 cct1 mi_idx it2 mi t ci) NestLoop(k mk cc cct2 cct1 mi_idx it2 mi t ci n) HashJoin(k mk cc cct2 cct1 mi_idx it2 mi t ci n it1) Leading((((((((((k mk) ((cc cct2) cct1)) mi_idx) it2) mi) t) ci) n) it1)) */
"SELECT MIN(mi.info) AS movie_budget, MIN(mi_idx.info) AS movie_votes, MIN(n.name) AS writer, MIN(t.title) AS complete_violent_movie
FROM sampled_complete_cast_1 AS cc,
    sampled_comp_cast_type_1 AS cct1,
    sampled_comp_cast_type_1 AS cct2,
    sampled_cast_info_1 AS ci,
    sampled_info_type_1 AS it1,
    sampled_info_type_1 AS it2,
    sampled_keyword_1 AS k,
    sampled_movie_info_1 AS mi,
    sampled_movie_info_idx_1 AS mi_idx,
    sampled_movie_keyword_1 AS mk,
    sampled_name_1 AS n,
    sampled_title_1 AS t
WHERE t.id = mi.movie_id
AND t.id = mi_idx.movie_id
AND t.id = ci.movie_id
AND t.id = mk.movie_id
AND t.id = cc.movie_id
AND ci.movie_id = mi.movie_id
AND ci.movie_id = mi_idx.movie_id
AND ci.movie_id = mk.movie_id
AND ci.movie_id = cc.movie_id
AND mi.movie_id = mi_idx.movie_id
AND mi.movie_id = mk.movie_id
AND mi.movie_id = cc.movie_id
AND mi_idx.movie_id = mk.movie_id
AND mi_idx.movie_id = cc.movie_id
AND mk.movie_id = cc.movie_id
AND n.id = ci.person_id
AND it1.id = mi.info_type_id
AND it2.id = mi_idx.info_type_id
AND k.id = mk.keyword_id
AND cct1.id = cc.subject_id
AND cct2.id = cc.status_id
AND cct1.kind IN ('cast', 'cast', 'cast', 'cast', 'cast')
AND cct2.kind = 'complete'
AND ci.note IN ('(producer)', '(producer)', '(voice)', '(producer)', '(producer)')
AND it1.info = 'genres'
AND it2.info = 'rating'
AND k.keyword IN ('based-on-novel', 'based-on-novel', 'based-on-novel', 'based-on-novel', 'based-on-novel')
AND mi.info IN ('Drama', 'Drama', 'RAT:1.33 : 1', 'Drama', 'Drama')
AND n.gender = 'm'
AND t.production_year > 1973;",101,/*+  SeqScan(k) IndexScan(mk keyword_id_movie_keyword_1) SeqScan(cc) SeqScan(cct2) SeqScan(cct1) IndexScan(mi_idx movie_id_movie_info_idx_1) SeqScan(it2) IndexScan(mi movie_id_movie_info_1) IndexScan(t sampled_title_1_pkey) IndexScan(ci movie_id_cast_info_1) IndexScan(n sampled_name_1_pkey) SeqScan(it1) NestLoop(k mk) HashJoin(cc cct2) HashJoin(cc cct2 cct1) HashJoin(k mk cc cct2 cct1) NestLoop(k mk cc cct2 cct1 mi_idx) HashJoin(k mk cc cct2 cct1 mi_idx it2) NestLoop(k mk cc cct2 cct1 mi_idx it2 mi) NestLoop(k mk cc cct2 cct1 mi_idx it2 mi t) NestLoop(k mk cc cct2 cct1 mi_idx it2 mi t ci) NestLoop(k mk cc cct2 cct1 mi_idx it2 mi t ci n) HashJoin(k mk cc cct2 cct1 mi_idx it2 mi t ci n it1) Leading((((((((((k mk) ((cc cct2) cct1)) mi_idx) it2) mi) t) ci) n) it1)) */
"SELECT MIN(mi.info) AS movie_budget, MIN(mi_idx.info) AS movie_votes, MIN(n.name) AS writer, MIN(t.title) AS complete_violent_movie
FROM sampled_complete_cast_1 AS cc,
    sampled_comp_cast_type_1 AS cct1,
    sampled_comp_cast_type_1 AS cct2,
    sampled_cast_info_1 AS ci,
    sampled_info_type_1 AS it1,
    sampled_info_type_1 AS it2,
    sampled_keyword_1 AS k,
    sampled_movie_info_1 AS mi,
    sampled_movie_info_idx_1 AS mi_idx,
    sampled_movie_keyword_1 AS mk,
    sampled_name_1 AS n,
    sampled_title_1 AS t
WHERE t.id = mi.movie_id
AND t.id = mi_idx.movie_id
AND t.id = ci.movie_id
AND t.id = mk.movie_id
AND t.id = cc.movie_id
AND ci.movie_id = mi.movie_id
AND ci.movie_id = mi_idx.movie_id
AND ci.movie_id = mk.movie_id
AND ci.movie_id = cc.movie_id
AND mi.movie_id = mi_idx.movie_id
AND mi.movie_id = mk.movie_id
AND mi.movie_id = cc.movie_id
AND mi_idx.movie_id = mk.movie_id
AND mi_idx.movie_id = cc.movie_id
AND mk.movie_id = cc.movie_id
AND n.id = ci.person_id
AND it1.id = mi.info_type_id
AND it2.id = mi_idx.info_type_id
AND k.id = mk.keyword_id
AND cct1.id = cc.subject_id
AND cct2.id = cc.status_id
AND cct1.kind IN ('cast', 'cast', 'cast', 'cast', 'cast')
AND cct2.kind = 'complete'
AND ci.note IN ('(executive producer)', '(executive producer)', '(executive producer)', '(executive producer)', '(uncredited)')
AND it1.info = 'countries'
AND it2.info = 'votes distribution'
AND k.keyword IN ('murder', 'murder', 'murder', 'murder', 'murder')
AND mi.info IN ('UK', 'Short', 'UK', 'UK', 'Short')
AND n.gender = 'm'
AND t.production_year > 1982;",101,/*+  SeqScan(k) IndexScan(mk keyword_id_movie_keyword_1) SeqScan(cc) SeqScan(cct2) SeqScan(cct1) IndexScan(mi_idx movie_id_movie_info_idx_1) SeqScan(it2) IndexScan(mi movie_id_movie_info_1) IndexScan(t sampled_title_1_pkey) IndexScan(ci movie_id_cast_info_1) IndexScan(n sampled_name_1_pkey) SeqScan(it1) NestLoop(k mk) HashJoin(cc cct2) HashJoin(cc cct2 cct1) HashJoin(k mk cc cct2 cct1) NestLoop(k mk cc cct2 cct1 mi_idx) HashJoin(k mk cc cct2 cct1 mi_idx it2) NestLoop(k mk cc cct2 cct1 mi_idx it2 mi) NestLoop(k mk cc cct2 cct1 mi_idx it2 mi t) NestLoop(k mk cc cct2 cct1 mi_idx it2 mi t ci) NestLoop(k mk cc cct2 cct1 mi_idx it2 mi t ci n) HashJoin(k mk cc cct2 cct1 mi_idx it2 mi t ci n it1) Leading((((((((((k mk) ((cc cct2) cct1)) mi_idx) it2) mi) t) ci) n) it1)) */
"SELECT MIN(mi.info) AS movie_budget, MIN(mi_idx.info) AS movie_votes, MIN(n.name) AS writer, MIN(t.title) AS complete_violent_movie
FROM sampled_complete_cast_1 AS cc,
    sampled_comp_cast_type_1 AS cct1,
    sampled_comp_cast_type_1 AS cct2,
    sampled_cast_info_1 AS ci,
    sampled_info_type_1 AS it1,
    sampled_info_type_1 AS it2,
    sampled_keyword_1 AS k,
    sampled_movie_info_1 AS mi,
    sampled_movie_info_idx_1 AS mi_idx,
    sampled_movie_keyword_1 AS mk,
    sampled_name_1 AS n,
    sampled_title_1 AS t
WHERE t.id = mi.movie_id
AND t.id = mi_idx.movie_id
AND t.id = ci.movie_id
AND t.id = mk.movie_id
AND t.id = cc.movie_id
AND ci.movie_id = mi.movie_id
AND ci.movie_id = mi_idx.movie_id
AND ci.movie_id = mk.movie_id
AND ci.movie_id = cc.movie_id
AND mi.movie_id = mi_idx.movie_id
AND mi.movie_id = mk.movie_id
AND mi.movie_id = cc.movie_id
AND mi_idx.movie_id = mk.movie_id
AND mi_idx.movie_id = cc.movie_id
AND mk.movie_id = cc.movie_id
AND n.id = ci.person_id
AND it1.id = mi.info_type_id
AND it2.id = mi_idx.info_type_id
AND k.id = mk.keyword_id
AND cct1.id = cc.subject_id
AND cct2.id = cc.status_id
AND cct1.kind IN ('cast', 'cast', 'cast', 'cast', 'cast')
AND cct2.kind = 'complete+verified'
AND ci.note IN ('(voice)', '(voice)', '(voice)', '(production assistant)', '(voice)')
AND it1.info = 'countries'
AND it2.info = 'top 250 rank'
AND k.keyword IN ('character-name-in-title', 'character-name-in-title', 'character-name-in-title', 'independent-film', 'character-name-in-title')
AND mi.info IN ('USA', '-', 'USA', '-', '-')
AND n.gender = 'm'
AND t.production_year > 1974;",101,/*+  SeqScan(k) IndexScan(mk keyword_id_movie_keyword_1) SeqScan(cc) SeqScan(cct2) SeqScan(cct1) IndexScan(mi_idx movie_id_movie_info_idx_1) SeqScan(it2) IndexScan(mi movie_id_movie_info_1) IndexScan(t sampled_title_1_pkey) IndexScan(ci movie_id_cast_info_1) IndexScan(n sampled_name_1_pkey) SeqScan(it1) NestLoop(k mk) HashJoin(cc cct2) HashJoin(cc cct2 cct1) HashJoin(k mk cc cct2 cct1) NestLoop(k mk cc cct2 cct1 mi_idx) HashJoin(k mk cc cct2 cct1 mi_idx it2) NestLoop(k mk cc cct2 cct1 mi_idx it2 mi) NestLoop(k mk cc cct2 cct1 mi_idx it2 mi t) NestLoop(k mk cc cct2 cct1 mi_idx it2 mi t ci) NestLoop(k mk cc cct2 cct1 mi_idx it2 mi t ci n) HashJoin(k mk cc cct2 cct1 mi_idx it2 mi t ci n it1) Leading((((((((((k mk) ((cc cct2) cct1)) mi_idx) it2) mi) t) ci) n) it1)) */
"SELECT MIN(mi.info) AS movie_budget, MIN(mi_idx.info) AS movie_votes, MIN(n.name) AS writer, MIN(t.title) AS complete_violent_movie
FROM sampled_complete_cast_1 AS cc,
    sampled_comp_cast_type_1 AS cct1,
    sampled_comp_cast_type_1 AS cct2,
    sampled_cast_info_1 AS ci,
    sampled_info_type_1 AS it1,
    sampled_info_type_1 AS it2,
    sampled_keyword_1 AS k,
    sampled_movie_info_1 AS mi,
    sampled_movie_info_idx_1 AS mi_idx,
    sampled_movie_keyword_1 AS mk,
    sampled_name_1 AS n,
    sampled_title_1 AS t
WHERE t.id = mi.movie_id
AND t.id = mi_idx.movie_id
AND t.id = ci.movie_id
AND t.id = mk.movie_id
AND t.id = cc.movie_id
AND ci.movie_id = mi.movie_id
AND ci.movie_id = mi_idx.movie_id
AND ci.movie_id = mk.movie_id
AND ci.movie_id = cc.movie_id
AND mi.movie_id = mi_idx.movie_id
AND mi.movie_id = mk.movie_id
AND mi.movie_id = cc.movie_id
AND mi_idx.movie_id = mk.movie_id
AND mi_idx.movie_id = cc.movie_id
AND mk.movie_id = cc.movie_id
AND n.id = ci.person_id
AND it1.id = mi.info_type_id
AND it2.id = mi_idx.info_type_id
AND k.id = mk.keyword_id
AND cct1.id = cc.subject_id
AND cct2.id = cc.status_id
AND cct1.kind IN ('crew', 'crew', 'crew', 'crew', 'crew')
AND cct2.kind = 'complete'
AND ci.note IN ('(associate producer)', '(uncredited)', '(voice)', '(written by)', '(archive footage)')
AND it1.info = 'genres'
AND it2.info = 'votes'
AND k.keyword IN ('based-on-novel', 'based-on-novel', 'based-on-novel', 'based-on-novel', 'based-on-novel')
AND mi.info IN ('Comedy', 'Comedy', 'Comedy', 'Drama', 'Drama')
AND n.gender = 'm'
AND t.production_year > 1985;",101,/*+  SeqScan(k) IndexScan(mk keyword_id_movie_keyword_1) SeqScan(cc) SeqScan(cct2) SeqScan(cct1) IndexScan(mi_idx movie_id_movie_info_idx_1) SeqScan(it2) IndexScan(mi movie_id_movie_info_1) IndexScan(t sampled_title_1_pkey) IndexScan(ci movie_id_cast_info_1) IndexScan(n sampled_name_1_pkey) SeqScan(it1) NestLoop(k mk) HashJoin(cc cct2) HashJoin(cc cct2 cct1) HashJoin(k mk cc cct2 cct1) NestLoop(k mk cc cct2 cct1 mi_idx) HashJoin(k mk cc cct2 cct1 mi_idx it2) NestLoop(k mk cc cct2 cct1 mi_idx it2 mi) NestLoop(k mk cc cct2 cct1 mi_idx it2 mi t) NestLoop(k mk cc cct2 cct1 mi_idx it2 mi t ci) NestLoop(k mk cc cct2 cct1 mi_idx it2 mi t ci n) HashJoin(k mk cc cct2 cct1 mi_idx it2 mi t ci n it1) Leading((((((((((k mk) ((cc cct2) cct1)) mi_idx) it2) mi) t) ci) n) it1)) */
"SELECT MIN(mi.info) AS movie_budget, MIN(mi_idx.info) AS movie_votes, MIN(n.name) AS writer, MIN(t.title) AS complete_violent_movie
FROM sampled_complete_cast_1 AS cc,
    sampled_comp_cast_type_1 AS cct1,
    sampled_comp_cast_type_1 AS cct2,
    sampled_cast_info_1 AS ci,
    sampled_info_type_1 AS it1,
    sampled_info_type_1 AS it2,
    sampled_keyword_1 AS k,
    sampled_movie_info_1 AS mi,
    sampled_movie_info_idx_1 AS mi_idx,
    sampled_movie_keyword_1 AS mk,
    sampled_name_1 AS n,
    sampled_title_1 AS t
WHERE t.id = mi.movie_id
AND t.id = mi_idx.movie_id
AND t.id = ci.movie_id
AND t.id = mk.movie_id
AND t.id = cc.movie_id
AND ci.movie_id = mi.movie_id
AND ci.movie_id = mi_idx.movie_id
AND ci.movie_id = mk.movie_id
AND ci.movie_id = cc.movie_id
AND mi.movie_id = mi_idx.movie_id
AND mi.movie_id = mk.movie_id
AND mi.movie_id = cc.movie_id
AND mi_idx.movie_id = mk.movie_id
AND mi_idx.movie_id = cc.movie_id
AND mk.movie_id = cc.movie_id
AND n.id = ci.person_id
AND it1.id = mi.info_type_id
AND it2.id = mi_idx.info_type_id
AND k.id = mk.keyword_id
AND cct1.id = cc.subject_id
AND cct2.id = cc.status_id
AND cct1.kind IN ('cast', 'cast', 'cast', 'cast', 'cast')
AND cct2.kind = 'complete+verified'
AND ci.note IN ('(screenplay)', '(producer)', '(associate producer)', '(associate producer)', '(production assistant)')
AND it1.info = 'genres'
AND it2.info = 'top 250 rank'
AND k.keyword IN ('friendship', 'father-son-relationship', 'non-fiction', 'police', 'tv-mini-series')
AND mi.info IN ('Comedy', 'Comedy', 'Drama', 'Drama', 'Drama')
AND n.gender = 'm'
AND t.production_year > 1972;",101,/*+  SeqScan(k) IndexScan(mk keyword_id_movie_keyword_1) SeqScan(cc) SeqScan(cct2) SeqScan(cct1) IndexScan(mi_idx movie_id_movie_info_idx_1) SeqScan(it2) IndexScan(mi movie_id_movie_info_1) IndexScan(t sampled_title_1_pkey) IndexScan(ci movie_id_cast_info_1) IndexScan(n sampled_name_1_pkey) SeqScan(it1) NestLoop(k mk) HashJoin(cc cct2) HashJoin(cc cct2 cct1) HashJoin(k mk cc cct2 cct1) NestLoop(k mk cc cct2 cct1 mi_idx) HashJoin(k mk cc cct2 cct1 mi_idx it2) NestLoop(k mk cc cct2 cct1 mi_idx it2 mi) NestLoop(k mk cc cct2 cct1 mi_idx it2 mi t) NestLoop(k mk cc cct2 cct1 mi_idx it2 mi t ci) NestLoop(k mk cc cct2 cct1 mi_idx it2 mi t ci n) HashJoin(k mk cc cct2 cct1 mi_idx it2 mi t ci n it1) Leading((((((((((k mk) ((cc cct2) cct1)) mi_idx) it2) mi) t) ci) n) it1)) */
"SELECT MIN(mi.info) AS movie_budget, MIN(mi_idx.info) AS movie_votes, MIN(n.name) AS writer, MIN(t.title) AS complete_violent_movie
FROM sampled_complete_cast_1 AS cc,
    sampled_comp_cast_type_1 AS cct1,
    sampled_comp_cast_type_1 AS cct2,
    sampled_cast_info_1 AS ci,
    sampled_info_type_1 AS it1,
    sampled_info_type_1 AS it2,
    sampled_keyword_1 AS k,
    sampled_movie_info_1 AS mi,
    sampled_movie_info_idx_1 AS mi_idx,
    sampled_movie_keyword_1 AS mk,
    sampled_name_1 AS n,
    sampled_title_1 AS t
WHERE t.id = mi.movie_id
AND t.id = mi_idx.movie_id
AND t.id = ci.movie_id
AND t.id = mk.movie_id
AND t.id = cc.movie_id
AND ci.movie_id = mi.movie_id
AND ci.movie_id = mi_idx.movie_id
AND ci.movie_id = mk.movie_id
AND ci.movie_id = cc.movie_id
AND mi.movie_id = mi_idx.movie_id
AND mi.movie_id = mk.movie_id
AND mi.movie_id = cc.movie_id
AND mi_idx.movie_id = mk.movie_id
AND mi_idx.movie_id = cc.movie_id
AND mk.movie_id = cc.movie_id
AND n.id = ci.person_id
AND it1.id = mi.info_type_id
AND it2.id = mi_idx.info_type_id
AND k.id = mk.keyword_id
AND cct1.id = cc.subject_id
AND cct2.id = cc.status_id
AND cct1.kind IN ('cast', 'cast', 'cast', 'cast', 'cast')
AND cct2.kind = 'complete'
AND ci.note IN ('(producer)', '(producer)', '(voice)', '(producer)', '(voice)')
AND it1.info = 'countries'
AND it2.info = 'rating'
AND k.keyword IN ('female-nudity', 'female-nudity', 'female-nudity', 'female-nudity', 'female-nudity')
AND mi.info IN ('Mono', 'Color', 'USA', 'PFM:35 mm', '-')
AND n.gender = 'm'
AND t.production_year > 1974;",101,/*+  SeqScan(k) IndexScan(mk keyword_id_movie_keyword_1) SeqScan(cc) SeqScan(cct2) SeqScan(cct1) IndexScan(mi_idx movie_id_movie_info_idx_1) SeqScan(it2) IndexScan(mi movie_id_movie_info_1) IndexScan(t sampled_title_1_pkey) IndexScan(ci movie_id_cast_info_1) IndexScan(n sampled_name_1_pkey) SeqScan(it1) NestLoop(k mk) HashJoin(cc cct2) HashJoin(cc cct2 cct1) HashJoin(k mk cc cct2 cct1) NestLoop(k mk cc cct2 cct1 mi_idx) HashJoin(k mk cc cct2 cct1 mi_idx it2) NestLoop(k mk cc cct2 cct1 mi_idx it2 mi) NestLoop(k mk cc cct2 cct1 mi_idx it2 mi t) NestLoop(k mk cc cct2 cct1 mi_idx it2 mi t ci) NestLoop(k mk cc cct2 cct1 mi_idx it2 mi t ci n) HashJoin(k mk cc cct2 cct1 mi_idx it2 mi t ci n it1) Leading((((((((((k mk) ((cc cct2) cct1)) mi_idx) it2) mi) t) ci) n) it1)) */
"SELECT MIN(mi.info) AS movie_budget, MIN(mi_idx.info) AS movie_votes, MIN(n.name) AS writer, MIN(t.title) AS complete_violent_movie
FROM sampled_complete_cast_1 AS cc,
    sampled_comp_cast_type_1 AS cct1,
    sampled_comp_cast_type_1 AS cct2,
    sampled_cast_info_1 AS ci,
    sampled_info_type_1 AS it1,
    sampled_info_type_1 AS it2,
    sampled_keyword_1 AS k,
    sampled_movie_info_1 AS mi,
    sampled_movie_info_idx_1 AS mi_idx,
    sampled_movie_keyword_1 AS mk,
    sampled_name_1 AS n,
    sampled_title_1 AS t
WHERE t.id = mi.movie_id
AND t.id = mi_idx.movie_id
AND t.id = ci.movie_id
AND t.id = mk.movie_id
AND t.id = cc.movie_id
AND ci.movie_id = mi.movie_id
AND ci.movie_id = mi_idx.movie_id
AND ci.movie_id = mk.movie_id
AND ci.movie_id = cc.movie_id
AND mi.movie_id = mi_idx.movie_id
AND mi.movie_id = mk.movie_id
AND mi.movie_id = cc.movie_id
AND mi_idx.movie_id = mk.movie_id
AND mi_idx.movie_id = cc.movie_id
AND mk.movie_id = cc.movie_id
AND n.id = ci.person_id
AND it1.id = mi.info_type_id
AND it2.id = mi_idx.info_type_id
AND k.id = mk.keyword_id
AND cct1.id = cc.subject_id
AND cct2.id = cc.status_id
AND cct1.kind IN ('crew', 'crew', 'crew', 'crew', 'crew')
AND cct2.kind = 'complete+verified'
AND ci.note IN ('(executive producer)', '(producer)', '(producer)', '(writer)', '(writer)')
AND it1.info = 'genres'
AND it2.info = 'votes'
AND k.keyword IN ('independent-film', 'independent-film', 'character-name-in-title', 'character-name-in-title', 'independent-film')
AND mi.info IN ('Comedy', 'Comedy', 'Comedy', 'Comedy', 'Comedy')
AND n.gender = 'm'
AND t.production_year > 1966;",101,/*+  SeqScan(k) IndexScan(mk keyword_id_movie_keyword_1) SeqScan(cc) SeqScan(cct2) SeqScan(cct1) IndexScan(mi_idx movie_id_movie_info_idx_1) SeqScan(it2) IndexScan(mi movie_id_movie_info_1) IndexScan(t sampled_title_1_pkey) IndexScan(ci movie_id_cast_info_1) IndexScan(n sampled_name_1_pkey) SeqScan(it1) NestLoop(k mk) HashJoin(cc cct2) HashJoin(cc cct2 cct1) HashJoin(k mk cc cct2 cct1) NestLoop(k mk cc cct2 cct1 mi_idx) HashJoin(k mk cc cct2 cct1 mi_idx it2) NestLoop(k mk cc cct2 cct1 mi_idx it2 mi) NestLoop(k mk cc cct2 cct1 mi_idx it2 mi t) NestLoop(k mk cc cct2 cct1 mi_idx it2 mi t ci) NestLoop(k mk cc cct2 cct1 mi_idx it2 mi t ci n) HashJoin(k mk cc cct2 cct1 mi_idx it2 mi t ci n it1) Leading((((((((((k mk) ((cc cct2) cct1)) mi_idx) it2) mi) t) ci) n) it1)) */
"SELECT MIN(mi.info) AS movie_budget, MIN(mi_idx.info) AS movie_votes, MIN(n.name) AS writer, MIN(t.title) AS complete_violent_movie
FROM sampled_complete_cast_1 AS cc,
    sampled_comp_cast_type_1 AS cct1,
    sampled_comp_cast_type_1 AS cct2,
    sampled_cast_info_1 AS ci,
    sampled_info_type_1 AS it1,
    sampled_info_type_1 AS it2,
    sampled_keyword_1 AS k,
    sampled_movie_info_1 AS mi,
    sampled_movie_info_idx_1 AS mi_idx,
    sampled_movie_keyword_1 AS mk,
    sampled_name_1 AS n,
    sampled_title_1 AS t
WHERE t.id = mi.movie_id
AND t.id = mi_idx.movie_id
AND t.id = ci.movie_id
AND t.id = mk.movie_id
AND t.id = cc.movie_id
AND ci.movie_id = mi.movie_id
AND ci.movie_id = mi_idx.movie_id
AND ci.movie_id = mk.movie_id
AND ci.movie_id = cc.movie_id
AND mi.movie_id = mi_idx.movie_id
AND mi.movie_id = mk.movie_id
AND mi.movie_id = cc.movie_id
AND mi_idx.movie_id = mk.movie_id
AND mi_idx.movie_id = cc.movie_id
AND mk.movie_id = cc.movie_id
AND n.id = ci.person_id
AND it1.id = mi.info_type_id
AND it2.id = mi_idx.info_type_id
AND k.id = mk.keyword_id
AND cct1.id = cc.subject_id
AND cct2.id = cc.status_id
AND cct1.kind IN ('cast', 'cast', 'cast', 'cast', 'cast')
AND cct2.kind = 'complete+verified'
AND ci.note IN ('(location manager)', '(creator)', '(voice)', '(location manager)', '(associate producer)')
AND it1.info = 'genres'
AND it2.info = 'votes'
AND k.keyword IN ('murder', 'murder', 'murder', 'murder', 'murder')
AND mi.info IN ('Black and White', 'Black and White', 'Drama', 'Drama', 'Drama')
AND n.gender = 'm'
AND t.production_year > 1974;",101,/*+  SeqScan(k) IndexScan(mk keyword_id_movie_keyword_1) SeqScan(cc) SeqScan(cct2) SeqScan(cct1) IndexScan(mi_idx movie_id_movie_info_idx_1) SeqScan(it2) IndexScan(mi movie_id_movie_info_1) IndexScan(t sampled_title_1_pkey) IndexScan(ci movie_id_cast_info_1) IndexScan(n sampled_name_1_pkey) SeqScan(it1) NestLoop(k mk) HashJoin(cc cct2) HashJoin(cc cct2 cct1) HashJoin(k mk cc cct2 cct1) NestLoop(k mk cc cct2 cct1 mi_idx) HashJoin(k mk cc cct2 cct1 mi_idx it2) NestLoop(k mk cc cct2 cct1 mi_idx it2 mi) NestLoop(k mk cc cct2 cct1 mi_idx it2 mi t) NestLoop(k mk cc cct2 cct1 mi_idx it2 mi t ci) NestLoop(k mk cc cct2 cct1 mi_idx it2 mi t ci n) HashJoin(k mk cc cct2 cct1 mi_idx it2 mi t ci n it1) Leading((((((((((k mk) ((cc cct2) cct1)) mi_idx) it2) mi) t) ci) n) it1)) */
"SELECT MIN(mi.info) AS movie_budget, MIN(mi_idx.info) AS movie_votes, MIN(n.name) AS writer, MIN(t.title) AS complete_violent_movie
FROM sampled_complete_cast_1 AS cc,
    sampled_comp_cast_type_1 AS cct1,
    sampled_comp_cast_type_1 AS cct2,
    sampled_cast_info_1 AS ci,
    sampled_info_type_1 AS it1,
    sampled_info_type_1 AS it2,
    sampled_keyword_1 AS k,
    sampled_movie_info_1 AS mi,
    sampled_movie_info_idx_1 AS mi_idx,
    sampled_movie_keyword_1 AS mk,
    sampled_name_1 AS n,
    sampled_title_1 AS t
WHERE t.id = mi.movie_id
AND t.id = mi_idx.movie_id
AND t.id = ci.movie_id
AND t.id = mk.movie_id
AND t.id = cc.movie_id
AND ci.movie_id = mi.movie_id
AND ci.movie_id = mi_idx.movie_id
AND ci.movie_id = mk.movie_id
AND ci.movie_id = cc.movie_id
AND mi.movie_id = mi_idx.movie_id
AND mi.movie_id = mk.movie_id
AND mi.movie_id = cc.movie_id
AND mi_idx.movie_id = mk.movie_id
AND mi_idx.movie_id = cc.movie_id
AND mk.movie_id = cc.movie_id
AND n.id = ci.person_id
AND it1.id = mi.info_type_id
AND it2.id = mi_idx.info_type_id
AND k.id = mk.keyword_id
AND cct1.id = cc.subject_id
AND cct2.id = cc.status_id
AND cct1.kind IN ('crew', 'crew', 'crew', 'crew', 'crew')
AND cct2.kind = 'complete'
AND ci.note IN ('(executive producer)', '(executive producer)', '(executive producer)', '(executive producer)', '(uncredited)')
AND it1.info = 'genres'
AND it2.info = 'rating'
AND k.keyword IN ('sex', 'sex', 'sex', 'sex', 'sex')
AND mi.info IN ('Comedy', 'Drama', 'Comedy', 'Drama', 'Comedy')
AND n.gender = 'm'
AND t.production_year > 1984;",101,/*+  SeqScan(k) IndexScan(mk keyword_id_movie_keyword_1) SeqScan(cc) SeqScan(cct2) SeqScan(cct1) IndexScan(mi_idx movie_id_movie_info_idx_1) SeqScan(it2) IndexScan(mi movie_id_movie_info_1) IndexScan(t sampled_title_1_pkey) IndexScan(ci movie_id_cast_info_1) IndexScan(n sampled_name_1_pkey) SeqScan(it1) NestLoop(k mk) HashJoin(cc cct2) HashJoin(cc cct2 cct1) HashJoin(k mk cc cct2 cct1) NestLoop(k mk cc cct2 cct1 mi_idx) HashJoin(k mk cc cct2 cct1 mi_idx it2) NestLoop(k mk cc cct2 cct1 mi_idx it2 mi) NestLoop(k mk cc cct2 cct1 mi_idx it2 mi t) NestLoop(k mk cc cct2 cct1 mi_idx it2 mi t ci) NestLoop(k mk cc cct2 cct1 mi_idx it2 mi t ci n) HashJoin(k mk cc cct2 cct1 mi_idx it2 mi t ci n it1) Leading((((((((((k mk) ((cc cct2) cct1)) mi_idx) it2) mi) t) ci) n) it1)) */
"SELECT MIN(mi.info) AS movie_budget, MIN(mi_idx.info) AS movie_votes, MIN(n.name) AS writer, MIN(t.title) AS complete_violent_movie
FROM sampled_complete_cast_1 AS cc,
    sampled_comp_cast_type_1 AS cct1,
    sampled_comp_cast_type_1 AS cct2,
    sampled_cast_info_1 AS ci,
    sampled_info_type_1 AS it1,
    sampled_info_type_1 AS it2,
    sampled_keyword_1 AS k,
    sampled_movie_info_1 AS mi,
    sampled_movie_info_idx_1 AS mi_idx,
    sampled_movie_keyword_1 AS mk,
    sampled_name_1 AS n,
    sampled_title_1 AS t
WHERE t.id = mi.movie_id
AND t.id = mi_idx.movie_id
AND t.id = ci.movie_id
AND t.id = mk.movie_id
AND t.id = cc.movie_id
AND ci.movie_id = mi.movie_id
AND ci.movie_id = mi_idx.movie_id
AND ci.movie_id = mk.movie_id
AND ci.movie_id = cc.movie_id
AND mi.movie_id = mi_idx.movie_id
AND mi.movie_id = mk.movie_id
AND mi.movie_id = cc.movie_id
AND mi_idx.movie_id = mk.movie_id
AND mi_idx.movie_id = cc.movie_id
AND mk.movie_id = cc.movie_id
AND n.id = ci.person_id
AND it1.id = mi.info_type_id
AND it2.id = mi_idx.info_type_id
AND k.id = mk.keyword_id
AND cct1.id = cc.subject_id
AND cct2.id = cc.status_id
AND cct1.kind IN ('crew', 'crew', 'crew', 'crew', 'crew')
AND cct2.kind = 'complete'
AND ci.note IN ('(associate producer)', '(screenplay)', '(story)', '(archive footage)', '(archive footage)')
AND it1.info = 'genres'
AND it2.info = 'rating'
AND k.keyword IN ('female-nudity', 'female-nudity', 'female-nudity', 'female-nudity', 'female-nudity')
AND mi.info IN ('Comedy', 'Mono', 'Mono', 'Sweden:15', 'USA')
AND n.gender = 'm'
AND t.production_year > 1977;",101,/*+  SeqScan(k) IndexScan(mk keyword_id_movie_keyword_1) SeqScan(cc) SeqScan(cct2) SeqScan(cct1) IndexScan(mi_idx movie_id_movie_info_idx_1) SeqScan(it2) IndexScan(mi movie_id_movie_info_1) IndexScan(t sampled_title_1_pkey) IndexScan(ci movie_id_cast_info_1) IndexScan(n sampled_name_1_pkey) SeqScan(it1) NestLoop(k mk) HashJoin(cc cct2) HashJoin(cc cct2 cct1) HashJoin(k mk cc cct2 cct1) NestLoop(k mk cc cct2 cct1 mi_idx) HashJoin(k mk cc cct2 cct1 mi_idx it2) NestLoop(k mk cc cct2 cct1 mi_idx it2 mi) NestLoop(k mk cc cct2 cct1 mi_idx it2 mi t) NestLoop(k mk cc cct2 cct1 mi_idx it2 mi t ci) NestLoop(k mk cc cct2 cct1 mi_idx it2 mi t ci n) HashJoin(k mk cc cct2 cct1 mi_idx it2 mi t ci n it1) Leading((((((((((k mk) ((cc cct2) cct1)) mi_idx) it2) mi) t) ci) n) it1)) */
"SELECT MIN(mi.info) AS movie_budget, MIN(mi_idx.info) AS movie_votes, MIN(n.name) AS writer, MIN(t.title) AS complete_violent_movie
FROM sampled_complete_cast_1 AS cc,
    sampled_comp_cast_type_1 AS cct1,
    sampled_comp_cast_type_1 AS cct2,
    sampled_cast_info_1 AS ci,
    sampled_info_type_1 AS it1,
    sampled_info_type_1 AS it2,
    sampled_keyword_1 AS k,
    sampled_movie_info_1 AS mi,
    sampled_movie_info_idx_1 AS mi_idx,
    sampled_movie_keyword_1 AS mk,
    sampled_name_1 AS n,
    sampled_title_1 AS t
WHERE t.id = mi.movie_id
AND t.id = mi_idx.movie_id
AND t.id = ci.movie_id
AND t.id = mk.movie_id
AND t.id = cc.movie_id
AND ci.movie_id = mi.movie_id
AND ci.movie_id = mi_idx.movie_id
AND ci.movie_id = mk.movie_id
AND ci.movie_id = cc.movie_id
AND mi.movie_id = mi_idx.movie_id
AND mi.movie_id = mk.movie_id
AND mi.movie_id = cc.movie_id
AND mi_idx.movie_id = mk.movie_id
AND mi_idx.movie_id = cc.movie_id
AND mk.movie_id = cc.movie_id
AND n.id = ci.person_id
AND it1.id = mi.info_type_id
AND it2.id = mi_idx.info_type_id
AND k.id = mk.keyword_id
AND cct1.id = cc.subject_id
AND cct2.id = cc.status_id
AND cct1.kind IN ('cast', 'cast', 'cast', 'cast', 'cast')
AND cct2.kind = 'complete'
AND ci.note IN ('(production assistant)', '(executive producer)', '(production assistant)', '(executive producer)', '(production assistant)')
AND it1.info = 'genres'
AND it2.info = 'rating'
AND k.keyword IN ('based-on-novel', 'based-on-novel', 'based-on-novel', 'based-on-novel', 'based-on-novel')
AND mi.info IN ('Drama', 'Drama', 'Drama', 'Drama', 'Drama')
AND n.gender = 'm'
AND t.production_year > 1990;",101,/*+  SeqScan(k) IndexScan(mk keyword_id_movie_keyword_1) SeqScan(cc) SeqScan(cct2) SeqScan(cct1) IndexScan(mi_idx movie_id_movie_info_idx_1) SeqScan(it2) IndexScan(mi movie_id_movie_info_1) IndexScan(t sampled_title_1_pkey) IndexScan(ci movie_id_cast_info_1) IndexScan(n sampled_name_1_pkey) SeqScan(it1) NestLoop(k mk) HashJoin(cc cct2) HashJoin(cc cct2 cct1) HashJoin(k mk cc cct2 cct1) NestLoop(k mk cc cct2 cct1 mi_idx) HashJoin(k mk cc cct2 cct1 mi_idx it2) NestLoop(k mk cc cct2 cct1 mi_idx it2 mi) NestLoop(k mk cc cct2 cct1 mi_idx it2 mi t) NestLoop(k mk cc cct2 cct1 mi_idx it2 mi t ci) NestLoop(k mk cc cct2 cct1 mi_idx it2 mi t ci n) HashJoin(k mk cc cct2 cct1 mi_idx it2 mi t ci n it1) Leading((((((((((k mk) ((cc cct2) cct1)) mi_idx) it2) mi) t) ci) n) it1)) */
"SELECT MIN(mi.info) AS movie_budget, MIN(mi_idx.info) AS movie_votes, MIN(n.name) AS writer, MIN(t.title) AS complete_violent_movie
FROM sampled_complete_cast_1 AS cc,
    sampled_comp_cast_type_1 AS cct1,
    sampled_comp_cast_type_1 AS cct2,
    sampled_cast_info_1 AS ci,
    sampled_info_type_1 AS it1,
    sampled_info_type_1 AS it2,
    sampled_keyword_1 AS k,
    sampled_movie_info_1 AS mi,
    sampled_movie_info_idx_1 AS mi_idx,
    sampled_movie_keyword_1 AS mk,
    sampled_name_1 AS n,
    sampled_title_1 AS t
WHERE t.id = mi.movie_id
AND t.id = mi_idx.movie_id
AND t.id = ci.movie_id
AND t.id = mk.movie_id
AND t.id = cc.movie_id
AND ci.movie_id = mi.movie_id
AND ci.movie_id = mi_idx.movie_id
AND ci.movie_id = mk.movie_id
AND ci.movie_id = cc.movie_id
AND mi.movie_id = mi_idx.movie_id
AND mi.movie_id = mk.movie_id
AND mi.movie_id = cc.movie_id
AND mi_idx.movie_id = mk.movie_id
AND mi_idx.movie_id = cc.movie_id
AND mk.movie_id = cc.movie_id
AND n.id = ci.person_id
AND it1.id = mi.info_type_id
AND it2.id = mi_idx.info_type_id
AND k.id = mk.keyword_id
AND cct1.id = cc.subject_id
AND cct2.id = cc.status_id
AND cct1.kind IN ('cast', 'cast', 'cast', 'cast', 'cast')
AND cct2.kind = 'complete'
AND ci.note IN ('(director of photography)', '(written by)', '(director of photography)', '(associate producer)', '(story)')
AND it1.info = 'genres'
AND it2.info = 'rating'
AND k.keyword IN ('hardcore', 'hardcore', 'hardcore', 'hardcore', 'hardcore')
AND mi.info IN ('Documentary', 'Short', 'UK', 'UK', 'Comedy')
AND n.gender = 'm'
AND t.production_year > 1964;",101,/*+  SeqScan(k) IndexScan(mk keyword_id_movie_keyword_1) SeqScan(cc) SeqScan(cct2) SeqScan(cct1) IndexScan(mi_idx movie_id_movie_info_idx_1) SeqScan(it2) IndexScan(mi movie_id_movie_info_1) IndexScan(t sampled_title_1_pkey) IndexScan(ci movie_id_cast_info_1) IndexScan(n sampled_name_1_pkey) SeqScan(it1) NestLoop(k mk) HashJoin(cc cct2) HashJoin(cc cct2 cct1) HashJoin(k mk cc cct2 cct1) NestLoop(k mk cc cct2 cct1 mi_idx) HashJoin(k mk cc cct2 cct1 mi_idx it2) NestLoop(k mk cc cct2 cct1 mi_idx it2 mi) NestLoop(k mk cc cct2 cct1 mi_idx it2 mi t) NestLoop(k mk cc cct2 cct1 mi_idx it2 mi t ci) NestLoop(k mk cc cct2 cct1 mi_idx it2 mi t ci n) HashJoin(k mk cc cct2 cct1 mi_idx it2 mi t ci n it1) Leading((((((((((k mk) ((cc cct2) cct1)) mi_idx) it2) mi) t) ci) n) it1)) */
"SELECT MIN(mi.info) AS movie_budget, MIN(mi_idx.info) AS movie_votes, MIN(n.name) AS writer, MIN(t.title) AS complete_violent_movie
FROM sampled_complete_cast_1 AS cc,
    sampled_comp_cast_type_1 AS cct1,
    sampled_comp_cast_type_1 AS cct2,
    sampled_cast_info_1 AS ci,
    sampled_info_type_1 AS it1,
    sampled_info_type_1 AS it2,
    sampled_keyword_1 AS k,
    sampled_movie_info_1 AS mi,
    sampled_movie_info_idx_1 AS mi_idx,
    sampled_movie_keyword_1 AS mk,
    sampled_name_1 AS n,
    sampled_title_1 AS t
WHERE t.id = mi.movie_id
AND t.id = mi_idx.movie_id
AND t.id = ci.movie_id
AND t.id = mk.movie_id
AND t.id = cc.movie_id
AND ci.movie_id = mi.movie_id
AND ci.movie_id = mi_idx.movie_id
AND ci.movie_id = mk.movie_id
AND ci.movie_id = cc.movie_id
AND mi.movie_id = mi_idx.movie_id
AND mi.movie_id = mk.movie_id
AND mi.movie_id = cc.movie_id
AND mi_idx.movie_id = mk.movie_id
AND mi_idx.movie_id = cc.movie_id
AND mk.movie_id = cc.movie_id
AND n.id = ci.person_id
AND it1.id = mi.info_type_id
AND it2.id = mi_idx.info_type_id
AND k.id = mk.keyword_id
AND cct1.id = cc.subject_id
AND cct2.id = cc.status_id
AND cct1.kind IN ('crew', 'crew', 'crew', 'crew', 'crew')
AND cct2.kind = 'complete'
AND ci.note IN ('(executive producer)', '(executive producer)', '(executive producer)', '(executive producer)', '(uncredited)')
AND it1.info = 'countries'
AND it2.info = 'votes distribution'
AND k.keyword IN ('hand-washing', 'extreme-narcissism', 'coal-mine', 'field-training', 'algorithm')
AND mi.info IN ('Drama', 'RAT:1.33 : 1', 'USA', 'Drama', 'PFM:35 mm')
AND n.gender = 'm'
AND t.production_year > 1983;",101,/*+  SeqScan(k) IndexScan(mk keyword_id_movie_keyword_1) SeqScan(cc) SeqScan(cct2) SeqScan(cct1) IndexScan(mi_idx movie_id_movie_info_idx_1) SeqScan(it2) IndexScan(mi movie_id_movie_info_1) IndexScan(t sampled_title_1_pkey) IndexScan(ci movie_id_cast_info_1) IndexScan(n sampled_name_1_pkey) SeqScan(it1) NestLoop(k mk) HashJoin(cc cct2) HashJoin(cc cct2 cct1) HashJoin(k mk cc cct2 cct1) NestLoop(k mk cc cct2 cct1 mi_idx) HashJoin(k mk cc cct2 cct1 mi_idx it2) NestLoop(k mk cc cct2 cct1 mi_idx it2 mi) NestLoop(k mk cc cct2 cct1 mi_idx it2 mi t) NestLoop(k mk cc cct2 cct1 mi_idx it2 mi t ci) NestLoop(k mk cc cct2 cct1 mi_idx it2 mi t ci n) HashJoin(k mk cc cct2 cct1 mi_idx it2 mi t ci n it1) Leading((((((((((k mk) ((cc cct2) cct1)) mi_idx) it2) mi) t) ci) n) it1)) */
"SELECT MIN(mi.info) AS movie_budget, MIN(mi_idx.info) AS movie_votes, MIN(n.name) AS writer, MIN(t.title) AS complete_violent_movie
FROM sampled_complete_cast_1 AS cc,
    sampled_comp_cast_type_1 AS cct1,
    sampled_comp_cast_type_1 AS cct2,
    sampled_cast_info_1 AS ci,
    sampled_info_type_1 AS it1,
    sampled_info_type_1 AS it2,
    sampled_keyword_1 AS k,
    sampled_movie_info_1 AS mi,
    sampled_movie_info_idx_1 AS mi_idx,
    sampled_movie_keyword_1 AS mk,
    sampled_name_1 AS n,
    sampled_title_1 AS t
WHERE t.id = mi.movie_id
AND t.id = mi_idx.movie_id
AND t.id = ci.movie_id
AND t.id = mk.movie_id
AND t.id = cc.movie_id
AND ci.movie_id = mi.movie_id
AND ci.movie_id = mi_idx.movie_id
AND ci.movie_id = mk.movie_id
AND ci.movie_id = cc.movie_id
AND mi.movie_id = mi_idx.movie_id
AND mi.movie_id = mk.movie_id
AND mi.movie_id = cc.movie_id
AND mi_idx.movie_id = mk.movie_id
AND mi_idx.movie_id = cc.movie_id
AND mk.movie_id = cc.movie_id
AND n.id = ci.person_id
AND it1.id = mi.info_type_id
AND it2.id = mi_idx.info_type_id
AND k.id = mk.keyword_id
AND cct1.id = cc.subject_id
AND cct2.id = cc.status_id
AND cct1.kind IN ('crew', 'crew', 'crew', 'crew', 'crew')
AND cct2.kind = 'complete+verified'
AND ci.note IN ('(producer)', '(uncredited)', '(executive producer)', '(executive producer)', '(producer)')
AND it1.info = 'genres'
AND it2.info = 'rating'
AND k.keyword IN ('independent-film', 'character-name-in-title', 'independent-film', 'character-name-in-title', 'character-name-in-title')
AND mi.info IN ('USA', 'Comedy', 'OFM:35 mm', 'USA', 'RAT:1.33 : 1')
AND n.gender = 'm'
AND t.production_year > 1981;",101,/*+  SeqScan(k) IndexScan(mk keyword_id_movie_keyword_1) SeqScan(cc) SeqScan(cct2) SeqScan(cct1) IndexScan(mi_idx movie_id_movie_info_idx_1) SeqScan(it2) IndexScan(mi movie_id_movie_info_1) IndexScan(t sampled_title_1_pkey) IndexScan(ci movie_id_cast_info_1) IndexScan(n sampled_name_1_pkey) SeqScan(it1) NestLoop(k mk) HashJoin(cc cct2) HashJoin(cc cct2 cct1) HashJoin(k mk cc cct2 cct1) NestLoop(k mk cc cct2 cct1 mi_idx) HashJoin(k mk cc cct2 cct1 mi_idx it2) NestLoop(k mk cc cct2 cct1 mi_idx it2 mi) NestLoop(k mk cc cct2 cct1 mi_idx it2 mi t) NestLoop(k mk cc cct2 cct1 mi_idx it2 mi t ci) NestLoop(k mk cc cct2 cct1 mi_idx it2 mi t ci n) HashJoin(k mk cc cct2 cct1 mi_idx it2 mi t ci n it1) Leading((((((((((k mk) ((cc cct2) cct1)) mi_idx) it2) mi) t) ci) n) it1)) */
"SELECT MIN(mi.info) AS movie_budget, MIN(mi_idx.info) AS movie_votes, MIN(n.name) AS writer, MIN(t.title) AS complete_violent_movie
FROM sampled_complete_cast_1 AS cc,
    sampled_comp_cast_type_1 AS cct1,
    sampled_comp_cast_type_1 AS cct2,
    sampled_cast_info_1 AS ci,
    sampled_info_type_1 AS it1,
    sampled_info_type_1 AS it2,
    sampled_keyword_1 AS k,
    sampled_movie_info_1 AS mi,
    sampled_movie_info_idx_1 AS mi_idx,
    sampled_movie_keyword_1 AS mk,
    sampled_name_1 AS n,
    sampled_title_1 AS t
WHERE t.id = mi.movie_id
AND t.id = mi_idx.movie_id
AND t.id = ci.movie_id
AND t.id = mk.movie_id
AND t.id = cc.movie_id
AND ci.movie_id = mi.movie_id
AND ci.movie_id = mi_idx.movie_id
AND ci.movie_id = mk.movie_id
AND ci.movie_id = cc.movie_id
AND mi.movie_id = mi_idx.movie_id
AND mi.movie_id = mk.movie_id
AND mi.movie_id = cc.movie_id
AND mi_idx.movie_id = mk.movie_id
AND mi_idx.movie_id = cc.movie_id
AND mk.movie_id = cc.movie_id
AND n.id = ci.person_id
AND it1.id = mi.info_type_id
AND it2.id = mi_idx.info_type_id
AND k.id = mk.keyword_id
AND cct1.id = cc.subject_id
AND cct2.id = cc.status_id
AND cct1.kind IN ('cast', 'cast', 'cast', 'cast', 'cast')
AND cct2.kind = 'complete+verified'
AND ci.note IN ('(writer)', '(writer)', '(writer)', '(writer)', '(writer)')
AND it1.info = 'genres'
AND it2.info = 'rating'
AND k.keyword IN ('bare-breasts', 'father-son-relationship', 'one-word-title', 'dog', 'surrealism')
AND mi.info IN ('Drama', 'Black and White', 'Black and White', 'Black and White', 'Drama')
AND n.gender = 'm'
AND t.production_year > 1974;",101,/*+  SeqScan(k) IndexScan(mk keyword_id_movie_keyword_1) SeqScan(cc) SeqScan(cct2) SeqScan(cct1) IndexScan(mi_idx movie_id_movie_info_idx_1) SeqScan(it2) IndexScan(mi movie_id_movie_info_1) IndexScan(t sampled_title_1_pkey) IndexScan(ci movie_id_cast_info_1) IndexScan(n sampled_name_1_pkey) SeqScan(it1) NestLoop(k mk) HashJoin(cc cct2) HashJoin(cc cct2 cct1) HashJoin(k mk cc cct2 cct1) NestLoop(k mk cc cct2 cct1 mi_idx) HashJoin(k mk cc cct2 cct1 mi_idx it2) NestLoop(k mk cc cct2 cct1 mi_idx it2 mi) NestLoop(k mk cc cct2 cct1 mi_idx it2 mi t) NestLoop(k mk cc cct2 cct1 mi_idx it2 mi t ci) NestLoop(k mk cc cct2 cct1 mi_idx it2 mi t ci n) HashJoin(k mk cc cct2 cct1 mi_idx it2 mi t ci n it1) Leading((((((((((k mk) ((cc cct2) cct1)) mi_idx) it2) mi) t) ci) n) it1)) */
"SELECT MIN(mi.info) AS movie_budget, MIN(mi_idx.info) AS movie_votes, MIN(n.name) AS writer, MIN(t.title) AS complete_violent_movie
FROM sampled_complete_cast_1 AS cc,
    sampled_comp_cast_type_1 AS cct1,
    sampled_comp_cast_type_1 AS cct2,
    sampled_cast_info_1 AS ci,
    sampled_info_type_1 AS it1,
    sampled_info_type_1 AS it2,
    sampled_keyword_1 AS k,
    sampled_movie_info_1 AS mi,
    sampled_movie_info_idx_1 AS mi_idx,
    sampled_movie_keyword_1 AS mk,
    sampled_name_1 AS n,
    sampled_title_1 AS t
WHERE t.id = mi.movie_id
AND t.id = mi_idx.movie_id
AND t.id = ci.movie_id
AND t.id = mk.movie_id
AND t.id = cc.movie_id
AND ci.movie_id = mi.movie_id
AND ci.movie_id = mi_idx.movie_id
AND ci.movie_id = mk.movie_id
AND ci.movie_id = cc.movie_id
AND mi.movie_id = mi_idx.movie_id
AND mi.movie_id = mk.movie_id
AND mi.movie_id = cc.movie_id
AND mi_idx.movie_id = mk.movie_id
AND mi_idx.movie_id = cc.movie_id
AND mk.movie_id = cc.movie_id
AND n.id = ci.person_id
AND it1.id = mi.info_type_id
AND it2.id = mi_idx.info_type_id
AND k.id = mk.keyword_id
AND cct1.id = cc.subject_id
AND cct2.id = cc.status_id
AND cct1.kind IN ('cast', 'cast', 'cast', 'cast', 'cast')
AND cct2.kind = 'complete'
AND ci.note IN ('(writer)', '(production assistant)', '(associate producer)', '(production assistant)', '(production assistant)')
AND it1.info = 'genres'
AND it2.info = 'votes'
AND k.keyword IN ('based-on-play', 'number-in-title', 'based-on-play', 'based-on-play', 'nudity')
AND mi.info IN ('Comedy', 'Drama', 'Comedy', 'Drama', 'Comedy')
AND n.gender = 'm'
AND t.production_year > 1971;",101,/*+  SeqScan(k) IndexScan(mk keyword_id_movie_keyword_1) SeqScan(cc) SeqScan(cct2) SeqScan(cct1) IndexScan(mi_idx movie_id_movie_info_idx_1) SeqScan(it2) IndexScan(mi movie_id_movie_info_1) IndexScan(t sampled_title_1_pkey) IndexScan(ci movie_id_cast_info_1) IndexScan(n sampled_name_1_pkey) SeqScan(it1) NestLoop(k mk) HashJoin(cc cct2) HashJoin(cc cct2 cct1) HashJoin(k mk cc cct2 cct1) NestLoop(k mk cc cct2 cct1 mi_idx) HashJoin(k mk cc cct2 cct1 mi_idx it2) NestLoop(k mk cc cct2 cct1 mi_idx it2 mi) NestLoop(k mk cc cct2 cct1 mi_idx it2 mi t) NestLoop(k mk cc cct2 cct1 mi_idx it2 mi t ci) NestLoop(k mk cc cct2 cct1 mi_idx it2 mi t ci n) HashJoin(k mk cc cct2 cct1 mi_idx it2 mi t ci n it1) Leading((((((((((k mk) ((cc cct2) cct1)) mi_idx) it2) mi) t) ci) n) it1)) */
"SELECT MIN(mi.info) AS movie_budget, MIN(mi_idx.info) AS movie_votes, MIN(n.name) AS writer, MIN(t.title) AS complete_violent_movie
FROM sampled_complete_cast_1 AS cc,
    sampled_comp_cast_type_1 AS cct1,
    sampled_comp_cast_type_1 AS cct2,
    sampled_cast_info_1 AS ci,
    sampled_info_type_1 AS it1,
    sampled_info_type_1 AS it2,
    sampled_keyword_1 AS k,
    sampled_movie_info_1 AS mi,
    sampled_movie_info_idx_1 AS mi_idx,
    sampled_movie_keyword_1 AS mk,
    sampled_name_1 AS n,
    sampled_title_1 AS t
WHERE t.id = mi.movie_id
AND t.id = mi_idx.movie_id
AND t.id = ci.movie_id
AND t.id = mk.movie_id
AND t.id = cc.movie_id
AND ci.movie_id = mi.movie_id
AND ci.movie_id = mi_idx.movie_id
AND ci.movie_id = mk.movie_id
AND ci.movie_id = cc.movie_id
AND mi.movie_id = mi_idx.movie_id
AND mi.movie_id = mk.movie_id
AND mi.movie_id = cc.movie_id
AND mi_idx.movie_id = mk.movie_id
AND mi_idx.movie_id = cc.movie_id
AND mk.movie_id = cc.movie_id
AND n.id = ci.person_id
AND it1.id = mi.info_type_id
AND it2.id = mi_idx.info_type_id
AND k.id = mk.keyword_id
AND cct1.id = cc.subject_id
AND cct2.id = cc.status_id
AND cct1.kind IN ('cast', 'cast', 'cast', 'cast', 'cast')
AND cct2.kind = 'complete'
AND ci.note IN ('(voice)', '(executive producer)', '(executive producer)', '(written by)', '(voice)')
AND it1.info = 'countries'
AND it2.info = 'rating'
AND k.keyword IN ('violence', 'violence', 'non-fiction', 'non-fiction', 'surrealism')
AND mi.info IN ('USA', 'USA', 'USA', 'USA', 'USA')
AND n.gender = 'm'
AND t.production_year > 1966;",101,/*+  SeqScan(k) IndexScan(mk keyword_id_movie_keyword_1) SeqScan(cc) SeqScan(cct2) SeqScan(cct1) IndexScan(mi_idx movie_id_movie_info_idx_1) SeqScan(it2) IndexScan(mi movie_id_movie_info_1) IndexScan(t sampled_title_1_pkey) IndexScan(ci movie_id_cast_info_1) IndexScan(n sampled_name_1_pkey) SeqScan(it1) NestLoop(k mk) HashJoin(cc cct2) HashJoin(cc cct2 cct1) HashJoin(k mk cc cct2 cct1) NestLoop(k mk cc cct2 cct1 mi_idx) HashJoin(k mk cc cct2 cct1 mi_idx it2) NestLoop(k mk cc cct2 cct1 mi_idx it2 mi) NestLoop(k mk cc cct2 cct1 mi_idx it2 mi t) NestLoop(k mk cc cct2 cct1 mi_idx it2 mi t ci) NestLoop(k mk cc cct2 cct1 mi_idx it2 mi t ci n) HashJoin(k mk cc cct2 cct1 mi_idx it2 mi t ci n it1) Leading((((((((((k mk) ((cc cct2) cct1)) mi_idx) it2) mi) t) ci) n) it1)) */
"SELECT MIN(mi.info) AS movie_budget, MIN(mi_idx.info) AS movie_votes, MIN(n.name) AS writer, MIN(t.title) AS complete_violent_movie
FROM sampled_complete_cast_1 AS cc,
    sampled_comp_cast_type_1 AS cct1,
    sampled_comp_cast_type_1 AS cct2,
    sampled_cast_info_1 AS ci,
    sampled_info_type_1 AS it1,
    sampled_info_type_1 AS it2,
    sampled_keyword_1 AS k,
    sampled_movie_info_1 AS mi,
    sampled_movie_info_idx_1 AS mi_idx,
    sampled_movie_keyword_1 AS mk,
    sampled_name_1 AS n,
    sampled_title_1 AS t
WHERE t.id = mi.movie_id
AND t.id = mi_idx.movie_id
AND t.id = ci.movie_id
AND t.id = mk.movie_id
AND t.id = cc.movie_id
AND ci.movie_id = mi.movie_id
AND ci.movie_id = mi_idx.movie_id
AND ci.movie_id = mk.movie_id
AND ci.movie_id = cc.movie_id
AND mi.movie_id = mi_idx.movie_id
AND mi.movie_id = mk.movie_id
AND mi.movie_id = cc.movie_id
AND mi_idx.movie_id = mk.movie_id
AND mi_idx.movie_id = cc.movie_id
AND mk.movie_id = cc.movie_id
AND n.id = ci.person_id
AND it1.id = mi.info_type_id
AND it2.id = mi_idx.info_type_id
AND k.id = mk.keyword_id
AND cct1.id = cc.subject_id
AND cct2.id = cc.status_id
AND cct1.kind IN ('crew', 'crew', 'crew', 'crew', 'crew')
AND cct2.kind = 'complete'
AND ci.note IN ('(producer)', '(producer)', '(voice)', '(voice)', '(producer)')
AND it1.info = 'genres'
AND it2.info = 'votes distribution'
AND k.keyword IN ('hardcore', 'hardcore', 'hardcore', 'hardcore', 'hardcore')
AND mi.info IN ('Drama', 'Drama', 'RAT:1.33 : 1', 'Drama', 'Drama')
AND n.gender = 'm'
AND t.production_year > 1966;",101,/*+  SeqScan(k) IndexScan(mk keyword_id_movie_keyword_1) SeqScan(cc) SeqScan(cct2) SeqScan(cct1) IndexScan(mi_idx movie_id_movie_info_idx_1) SeqScan(it2) IndexScan(mi movie_id_movie_info_1) IndexScan(t sampled_title_1_pkey) IndexScan(ci movie_id_cast_info_1) IndexScan(n sampled_name_1_pkey) SeqScan(it1) NestLoop(k mk) HashJoin(cc cct2) HashJoin(cc cct2 cct1) HashJoin(k mk cc cct2 cct1) NestLoop(k mk cc cct2 cct1 mi_idx) HashJoin(k mk cc cct2 cct1 mi_idx it2) NestLoop(k mk cc cct2 cct1 mi_idx it2 mi) NestLoop(k mk cc cct2 cct1 mi_idx it2 mi t) NestLoop(k mk cc cct2 cct1 mi_idx it2 mi t ci) NestLoop(k mk cc cct2 cct1 mi_idx it2 mi t ci n) HashJoin(k mk cc cct2 cct1 mi_idx it2 mi t ci n it1) Leading((((((((((k mk) ((cc cct2) cct1)) mi_idx) it2) mi) t) ci) n) it1)) */
"SELECT MIN(mi.info) AS movie_budget, MIN(mi_idx.info) AS movie_votes, MIN(n.name) AS writer, MIN(t.title) AS complete_violent_movie
FROM sampled_complete_cast_1 AS cc,
    sampled_comp_cast_type_1 AS cct1,
    sampled_comp_cast_type_1 AS cct2,
    sampled_cast_info_1 AS ci,
    sampled_info_type_1 AS it1,
    sampled_info_type_1 AS it2,
    sampled_keyword_1 AS k,
    sampled_movie_info_1 AS mi,
    sampled_movie_info_idx_1 AS mi_idx,
    sampled_movie_keyword_1 AS mk,
    sampled_name_1 AS n,
    sampled_title_1 AS t
WHERE t.id = mi.movie_id
AND t.id = mi_idx.movie_id
AND t.id = ci.movie_id
AND t.id = mk.movie_id
AND t.id = cc.movie_id
AND ci.movie_id = mi.movie_id
AND ci.movie_id = mi_idx.movie_id
AND ci.movie_id = mk.movie_id
AND ci.movie_id = cc.movie_id
AND mi.movie_id = mi_idx.movie_id
AND mi.movie_id = mk.movie_id
AND mi.movie_id = cc.movie_id
AND mi_idx.movie_id = mk.movie_id
AND mi_idx.movie_id = cc.movie_id
AND mk.movie_id = cc.movie_id
AND n.id = ci.person_id
AND it1.id = mi.info_type_id
AND it2.id = mi_idx.info_type_id
AND k.id = mk.keyword_id
AND cct1.id = cc.subject_id
AND cct2.id = cc.status_id
AND cct1.kind IN ('crew', 'crew', 'crew', 'crew', 'crew')
AND cct2.kind = 'complete+verified'
AND ci.note IN ('(story editor)', '(director of photography)', '(script supervisor)', '(director of photography)', '(screenplay)')
AND it1.info = 'genres'
AND it2.info = 'votes distribution'
AND k.keyword IN ('independent-film', 'character-name-in-title', 'character-name-in-title', 'character-name-in-title', 'independent-film')
AND mi.info IN ('Drama', 'Drama', 'Drama', 'Drama', 'Drama')
AND n.gender = 'm'
AND t.production_year > 1969;",101,/*+  SeqScan(k) IndexScan(mk keyword_id_movie_keyword_1) SeqScan(cc) SeqScan(cct2) SeqScan(cct1) IndexScan(mi_idx movie_id_movie_info_idx_1) SeqScan(it2) IndexScan(mi movie_id_movie_info_1) IndexScan(t sampled_title_1_pkey) IndexScan(ci movie_id_cast_info_1) IndexScan(n sampled_name_1_pkey) SeqScan(it1) NestLoop(k mk) HashJoin(cc cct2) HashJoin(cc cct2 cct1) HashJoin(k mk cc cct2 cct1) NestLoop(k mk cc cct2 cct1 mi_idx) HashJoin(k mk cc cct2 cct1 mi_idx it2) NestLoop(k mk cc cct2 cct1 mi_idx it2 mi) NestLoop(k mk cc cct2 cct1 mi_idx it2 mi t) NestLoop(k mk cc cct2 cct1 mi_idx it2 mi t ci) NestLoop(k mk cc cct2 cct1 mi_idx it2 mi t ci n) HashJoin(k mk cc cct2 cct1 mi_idx it2 mi t ci n it1) Leading((((((((((k mk) ((cc cct2) cct1)) mi_idx) it2) mi) t) ci) n) it1)) */
"SELECT MIN(mi.info) AS movie_budget, MIN(mi_idx.info) AS movie_votes, MIN(n.name) AS writer, MIN(t.title) AS complete_violent_movie
FROM sampled_complete_cast_1 AS cc,
    sampled_comp_cast_type_1 AS cct1,
    sampled_comp_cast_type_1 AS cct2,
    sampled_cast_info_1 AS ci,
    sampled_info_type_1 AS it1,
    sampled_info_type_1 AS it2,
    sampled_keyword_1 AS k,
    sampled_movie_info_1 AS mi,
    sampled_movie_info_idx_1 AS mi_idx,
    sampled_movie_keyword_1 AS mk,
    sampled_name_1 AS n,
    sampled_title_1 AS t
WHERE t.id = mi.movie_id
AND t.id = mi_idx.movie_id
AND t.id = ci.movie_id
AND t.id = mk.movie_id
AND t.id = cc.movie_id
AND ci.movie_id = mi.movie_id
AND ci.movie_id = mi_idx.movie_id
AND ci.movie_id = mk.movie_id
AND ci.movie_id = cc.movie_id
AND mi.movie_id = mi_idx.movie_id
AND mi.movie_id = mk.movie_id
AND mi.movie_id = cc.movie_id
AND mi_idx.movie_id = mk.movie_id
AND mi_idx.movie_id = cc.movie_id
AND mk.movie_id = cc.movie_id
AND n.id = ci.person_id
AND it1.id = mi.info_type_id
AND it2.id = mi_idx.info_type_id
AND k.id = mk.keyword_id
AND cct1.id = cc.subject_id
AND cct2.id = cc.status_id
AND cct1.kind IN ('crew', 'crew', 'crew', 'crew', 'crew')
AND cct2.kind = 'complete+verified'
AND ci.note IN ('(executive producer)', '(uncredited)', '(uncredited)', '(executive producer)', '(executive producer)')
AND it1.info = 'genres'
AND it2.info = 'rating'
AND k.keyword IN ('nudity', 'number-in-title', 'number-in-title', 'nudity', 'nudity')
AND mi.info IN ('Drama', 'Drama', 'Drama', 'Drama', 'Comedy')
AND n.gender = 'm'
AND t.production_year > 1980;",101,/*+  SeqScan(k) IndexScan(mk keyword_id_movie_keyword_1) SeqScan(cc) SeqScan(cct2) SeqScan(cct1) IndexScan(mi_idx movie_id_movie_info_idx_1) SeqScan(it2) IndexScan(mi movie_id_movie_info_1) IndexScan(t sampled_title_1_pkey) IndexScan(ci movie_id_cast_info_1) IndexScan(n sampled_name_1_pkey) SeqScan(it1) NestLoop(k mk) HashJoin(cc cct2) HashJoin(cc cct2 cct1) HashJoin(k mk cc cct2 cct1) NestLoop(k mk cc cct2 cct1 mi_idx) HashJoin(k mk cc cct2 cct1 mi_idx it2) NestLoop(k mk cc cct2 cct1 mi_idx it2 mi) NestLoop(k mk cc cct2 cct1 mi_idx it2 mi t) NestLoop(k mk cc cct2 cct1 mi_idx it2 mi t ci) NestLoop(k mk cc cct2 cct1 mi_idx it2 mi t ci n) HashJoin(k mk cc cct2 cct1 mi_idx it2 mi t ci n it1) Leading((((((((((k mk) ((cc cct2) cct1)) mi_idx) it2) mi) t) ci) n) it1)) */
"SELECT MIN(mi.info) AS movie_budget, MIN(mi_idx.info) AS movie_votes, MIN(n.name) AS writer, MIN(t.title) AS complete_violent_movie
FROM sampled_complete_cast_1 AS cc,
    sampled_comp_cast_type_1 AS cct1,
    sampled_comp_cast_type_1 AS cct2,
    sampled_cast_info_1 AS ci,
    sampled_info_type_1 AS it1,
    sampled_info_type_1 AS it2,
    sampled_keyword_1 AS k,
    sampled_movie_info_1 AS mi,
    sampled_movie_info_idx_1 AS mi_idx,
    sampled_movie_keyword_1 AS mk,
    sampled_name_1 AS n,
    sampled_title_1 AS t
WHERE t.id = mi.movie_id
AND t.id = mi_idx.movie_id
AND t.id = ci.movie_id
AND t.id = mk.movie_id
AND t.id = cc.movie_id
AND ci.movie_id = mi.movie_id
AND ci.movie_id = mi_idx.movie_id
AND ci.movie_id = mk.movie_id
AND ci.movie_id = cc.movie_id
AND mi.movie_id = mi_idx.movie_id
AND mi.movie_id = mk.movie_id
AND mi.movie_id = cc.movie_id
AND mi_idx.movie_id = mk.movie_id
AND mi_idx.movie_id = cc.movie_id
AND mk.movie_id = cc.movie_id
AND n.id = ci.person_id
AND it1.id = mi.info_type_id
AND it2.id = mi_idx.info_type_id
AND k.id = mk.keyword_id
AND cct1.id = cc.subject_id
AND cct2.id = cc.status_id
AND cct1.kind IN ('crew', 'crew', 'crew', 'crew', 'crew')
AND cct2.kind = 'complete+verified'
AND ci.note IN ('(voice)', '(uncredited)', '(writer)', '(written by)', '(written by)')
AND it1.info = 'genres'
AND it2.info = 'rating'
AND k.keyword IN ('based-on-novel', 'based-on-novel', 'based-on-novel', 'based-on-novel', 'based-on-novel')
AND mi.info IN ('Comedy', 'Comedy', 'Comedy', 'Comedy', 'Comedy')
AND n.gender = 'm'
AND t.production_year > 1991;",101,/*+  SeqScan(k) IndexScan(mk keyword_id_movie_keyword_1) SeqScan(cc) SeqScan(cct2) SeqScan(cct1) IndexScan(mi_idx movie_id_movie_info_idx_1) SeqScan(it2) IndexScan(mi movie_id_movie_info_1) IndexScan(t sampled_title_1_pkey) IndexScan(ci movie_id_cast_info_1) IndexScan(n sampled_name_1_pkey) SeqScan(it1) NestLoop(k mk) HashJoin(cc cct2) HashJoin(cc cct2 cct1) HashJoin(k mk cc cct2 cct1) NestLoop(k mk cc cct2 cct1 mi_idx) HashJoin(k mk cc cct2 cct1 mi_idx it2) NestLoop(k mk cc cct2 cct1 mi_idx it2 mi) NestLoop(k mk cc cct2 cct1 mi_idx it2 mi t) NestLoop(k mk cc cct2 cct1 mi_idx it2 mi t ci) NestLoop(k mk cc cct2 cct1 mi_idx it2 mi t ci n) HashJoin(k mk cc cct2 cct1 mi_idx it2 mi t ci n it1) Leading((((((((((k mk) ((cc cct2) cct1)) mi_idx) it2) mi) t) ci) n) it1)) */
"SELECT MIN(mi.info) AS movie_budget, MIN(mi_idx.info) AS movie_votes, MIN(n.name) AS writer, MIN(t.title) AS complete_violent_movie
FROM sampled_complete_cast_1 AS cc,
    sampled_comp_cast_type_1 AS cct1,
    sampled_comp_cast_type_1 AS cct2,
    sampled_cast_info_1 AS ci,
    sampled_info_type_1 AS it1,
    sampled_info_type_1 AS it2,
    sampled_keyword_1 AS k,
    sampled_movie_info_1 AS mi,
    sampled_movie_info_idx_1 AS mi_idx,
    sampled_movie_keyword_1 AS mk,
    sampled_name_1 AS n,
    sampled_title_1 AS t
WHERE t.id = mi.movie_id
AND t.id = mi_idx.movie_id
AND t.id = ci.movie_id
AND t.id = mk.movie_id
AND t.id = cc.movie_id
AND ci.movie_id = mi.movie_id
AND ci.movie_id = mi_idx.movie_id
AND ci.movie_id = mk.movie_id
AND ci.movie_id = cc.movie_id
AND mi.movie_id = mi_idx.movie_id
AND mi.movie_id = mk.movie_id
AND mi.movie_id = cc.movie_id
AND mi_idx.movie_id = mk.movie_id
AND mi_idx.movie_id = cc.movie_id
AND mk.movie_id = cc.movie_id
AND n.id = ci.person_id
AND it1.id = mi.info_type_id
AND it2.id = mi_idx.info_type_id
AND k.id = mk.keyword_id
AND cct1.id = cc.subject_id
AND cct2.id = cc.status_id
AND cct1.kind IN ('crew', 'crew', 'crew', 'crew', 'crew')
AND cct2.kind = 'complete+verified'
AND ci.note IN ('(voice)', '(voice)', '(producer)', '(producer)', '(producer)')
AND it1.info = 'genres'
AND it2.info = 'rating'
AND k.keyword IN ('murder', 'murder', 'murder', 'murder', 'murder')
AND mi.info IN ('Black and White', 'Drama', 'Drama', 'Black and White', 'Black and White')
AND n.gender = 'm'
AND t.production_year > 1979;",101,/*+  SeqScan(k) IndexScan(mk keyword_id_movie_keyword_1) SeqScan(cc) SeqScan(cct2) SeqScan(cct1) IndexScan(mi_idx movie_id_movie_info_idx_1) SeqScan(it2) IndexScan(mi movie_id_movie_info_1) IndexScan(t sampled_title_1_pkey) IndexScan(ci movie_id_cast_info_1) IndexScan(n sampled_name_1_pkey) SeqScan(it1) NestLoop(k mk) HashJoin(cc cct2) HashJoin(cc cct2 cct1) HashJoin(k mk cc cct2 cct1) NestLoop(k mk cc cct2 cct1 mi_idx) HashJoin(k mk cc cct2 cct1 mi_idx it2) NestLoop(k mk cc cct2 cct1 mi_idx it2 mi) NestLoop(k mk cc cct2 cct1 mi_idx it2 mi t) NestLoop(k mk cc cct2 cct1 mi_idx it2 mi t ci) NestLoop(k mk cc cct2 cct1 mi_idx it2 mi t ci n) HashJoin(k mk cc cct2 cct1 mi_idx it2 mi t ci n it1) Leading((((((((((k mk) ((cc cct2) cct1)) mi_idx) it2) mi) t) ci) n) it1)) */
"SELECT MIN(mi.info) AS movie_budget, MIN(mi_idx.info) AS movie_votes, MIN(n.name) AS writer, MIN(t.title) AS complete_violent_movie
FROM sampled_complete_cast_1 AS cc,
    sampled_comp_cast_type_1 AS cct1,
    sampled_comp_cast_type_1 AS cct2,
    sampled_cast_info_1 AS ci,
    sampled_info_type_1 AS it1,
    sampled_info_type_1 AS it2,
    sampled_keyword_1 AS k,
    sampled_movie_info_1 AS mi,
    sampled_movie_info_idx_1 AS mi_idx,
    sampled_movie_keyword_1 AS mk,
    sampled_name_1 AS n,
    sampled_title_1 AS t
WHERE t.id = mi.movie_id
AND t.id = mi_idx.movie_id
AND t.id = ci.movie_id
AND t.id = mk.movie_id
AND t.id = cc.movie_id
AND ci.movie_id = mi.movie_id
AND ci.movie_id = mi_idx.movie_id
AND ci.movie_id = mk.movie_id
AND ci.movie_id = cc.movie_id
AND mi.movie_id = mi_idx.movie_id
AND mi.movie_id = mk.movie_id
AND mi.movie_id = cc.movie_id
AND mi_idx.movie_id = mk.movie_id
AND mi_idx.movie_id = cc.movie_id
AND mk.movie_id = cc.movie_id
AND n.id = ci.person_id
AND it1.id = mi.info_type_id
AND it2.id = mi_idx.info_type_id
AND k.id = mk.keyword_id
AND cct1.id = cc.subject_id
AND cct2.id = cc.status_id
AND cct1.kind IN ('crew', 'crew', 'crew', 'crew', 'crew')
AND cct2.kind = 'complete'
AND ci.note IN ('(executive producer)', '(writer)', '(written by)', '(executive producer)', '(writer)')
AND it1.info = 'genres'
AND it2.info = 'rating'
AND k.keyword IN ('sex', 'sex', 'sex', 'sex', 'sex')
AND mi.info IN ('Drama', 'Drama', 'Drama', 'Drama', 'Drama')
AND n.gender = 'm'
AND t.production_year > 1986;",101,/*+  SeqScan(k) IndexScan(mk keyword_id_movie_keyword_1) SeqScan(cc) SeqScan(cct2) SeqScan(cct1) IndexScan(mi_idx movie_id_movie_info_idx_1) SeqScan(it2) IndexScan(mi movie_id_movie_info_1) IndexScan(t sampled_title_1_pkey) IndexScan(ci movie_id_cast_info_1) IndexScan(n sampled_name_1_pkey) SeqScan(it1) NestLoop(k mk) HashJoin(cc cct2) HashJoin(cc cct2 cct1) HashJoin(k mk cc cct2 cct1) NestLoop(k mk cc cct2 cct1 mi_idx) HashJoin(k mk cc cct2 cct1 mi_idx it2) NestLoop(k mk cc cct2 cct1 mi_idx it2 mi) NestLoop(k mk cc cct2 cct1 mi_idx it2 mi t) NestLoop(k mk cc cct2 cct1 mi_idx it2 mi t ci) NestLoop(k mk cc cct2 cct1 mi_idx it2 mi t ci n) HashJoin(k mk cc cct2 cct1 mi_idx it2 mi t ci n it1) Leading((((((((((k mk) ((cc cct2) cct1)) mi_idx) it2) mi) t) ci) n) it1)) */
"SELECT MIN(mi.info) AS movie_budget, MIN(mi_idx.info) AS movie_votes, MIN(n.name) AS writer, MIN(t.title) AS complete_violent_movie
FROM sampled_complete_cast_1 AS cc,
    sampled_comp_cast_type_1 AS cct1,
    sampled_comp_cast_type_1 AS cct2,
    sampled_cast_info_1 AS ci,
    sampled_info_type_1 AS it1,
    sampled_info_type_1 AS it2,
    sampled_keyword_1 AS k,
    sampled_movie_info_1 AS mi,
    sampled_movie_info_idx_1 AS mi_idx,
    sampled_movie_keyword_1 AS mk,
    sampled_name_1 AS n,
    sampled_title_1 AS t
WHERE t.id = mi.movie_id
AND t.id = mi_idx.movie_id
AND t.id = ci.movie_id
AND t.id = mk.movie_id
AND t.id = cc.movie_id
AND ci.movie_id = mi.movie_id
AND ci.movie_id = mi_idx.movie_id
AND ci.movie_id = mk.movie_id
AND ci.movie_id = cc.movie_id
AND mi.movie_id = mi_idx.movie_id
AND mi.movie_id = mk.movie_id
AND mi.movie_id = cc.movie_id
AND mi_idx.movie_id = mk.movie_id
AND mi_idx.movie_id = cc.movie_id
AND mk.movie_id = cc.movie_id
AND n.id = ci.person_id
AND it1.id = mi.info_type_id
AND it2.id = mi_idx.info_type_id
AND k.id = mk.keyword_id
AND cct1.id = cc.subject_id
AND cct2.id = cc.status_id
AND cct1.kind IN ('crew', 'crew', 'crew', 'crew', 'crew')
AND cct2.kind = 'complete'
AND ci.note IN ('(executive producer)', '(executive producer)', '(script supervisor)', '(screenplay)', '(executive producer)')
AND it1.info = 'countries'
AND it2.info = 'top 250 rank'
AND k.keyword IN ('murder', 'murder', 'murder', 'murder', 'murder')
AND mi.info IN ('RAT:1.33 : 1', 'USA', 'RAT:1.33 : 1', 'USA', 'OFM:35 mm')
AND n.gender = 'm'
AND t.production_year > 1984;",101,/*+  SeqScan(k) IndexScan(mk keyword_id_movie_keyword_1) SeqScan(cc) SeqScan(cct2) SeqScan(cct1) IndexScan(mi_idx movie_id_movie_info_idx_1) SeqScan(it2) IndexScan(mi movie_id_movie_info_1) IndexScan(t sampled_title_1_pkey) IndexScan(ci movie_id_cast_info_1) IndexScan(n sampled_name_1_pkey) SeqScan(it1) NestLoop(k mk) HashJoin(cc cct2) HashJoin(cc cct2 cct1) HashJoin(k mk cc cct2 cct1) NestLoop(k mk cc cct2 cct1 mi_idx) HashJoin(k mk cc cct2 cct1 mi_idx it2) NestLoop(k mk cc cct2 cct1 mi_idx it2 mi) NestLoop(k mk cc cct2 cct1 mi_idx it2 mi t) NestLoop(k mk cc cct2 cct1 mi_idx it2 mi t ci) NestLoop(k mk cc cct2 cct1 mi_idx it2 mi t ci n) HashJoin(k mk cc cct2 cct1 mi_idx it2 mi t ci n it1) Leading((((((((((k mk) ((cc cct2) cct1)) mi_idx) it2) mi) t) ci) n) it1)) */
"SELECT MIN(mi.info) AS movie_budget, MIN(mi_idx.info) AS movie_votes, MIN(n.name) AS writer, MIN(t.title) AS complete_violent_movie
FROM sampled_complete_cast_1 AS cc,
    sampled_comp_cast_type_1 AS cct1,
    sampled_comp_cast_type_1 AS cct2,
    sampled_cast_info_1 AS ci,
    sampled_info_type_1 AS it1,
    sampled_info_type_1 AS it2,
    sampled_keyword_1 AS k,
    sampled_movie_info_1 AS mi,
    sampled_movie_info_idx_1 AS mi_idx,
    sampled_movie_keyword_1 AS mk,
    sampled_name_1 AS n,
    sampled_title_1 AS t
WHERE t.id = mi.movie_id
AND t.id = mi_idx.movie_id
AND t.id = ci.movie_id
AND t.id = mk.movie_id
AND t.id = cc.movie_id
AND ci.movie_id = mi.movie_id
AND ci.movie_id = mi_idx.movie_id
AND ci.movie_id = mk.movie_id
AND ci.movie_id = cc.movie_id
AND mi.movie_id = mi_idx.movie_id
AND mi.movie_id = mk.movie_id
AND mi.movie_id = cc.movie_id
AND mi_idx.movie_id = mk.movie_id
AND mi_idx.movie_id = cc.movie_id
AND mk.movie_id = cc.movie_id
AND n.id = ci.person_id
AND it1.id = mi.info_type_id
AND it2.id = mi_idx.info_type_id
AND k.id = mk.keyword_id
AND cct1.id = cc.subject_id
AND cct2.id = cc.status_id
AND cct1.kind IN ('cast', 'cast', 'cast', 'cast', 'cast')
AND cct2.kind = 'complete'
AND ci.note IN ('(voice)', '(producer)', '(voice)', '(producer)', '(voice)')
AND it1.info = 'countries'
AND it2.info = 'votes'
AND k.keyword IN ('male-nudity', 'one-word-title', 'surrealism', 'family-relationships', 'non-fiction')
AND mi.info IN ('UK', 'UK', 'Comedy', 'Short', 'Comedy')
AND n.gender = 'm'
AND t.production_year > 1967;",101,/*+  SeqScan(k) IndexScan(mk keyword_id_movie_keyword_1) SeqScan(cc) SeqScan(cct2) SeqScan(cct1) IndexScan(mi_idx movie_id_movie_info_idx_1) SeqScan(it2) IndexScan(mi movie_id_movie_info_1) IndexScan(t sampled_title_1_pkey) IndexScan(ci movie_id_cast_info_1) IndexScan(n sampled_name_1_pkey) SeqScan(it1) NestLoop(k mk) HashJoin(cc cct2) HashJoin(cc cct2 cct1) HashJoin(k mk cc cct2 cct1) NestLoop(k mk cc cct2 cct1 mi_idx) HashJoin(k mk cc cct2 cct1 mi_idx it2) NestLoop(k mk cc cct2 cct1 mi_idx it2 mi) NestLoop(k mk cc cct2 cct1 mi_idx it2 mi t) NestLoop(k mk cc cct2 cct1 mi_idx it2 mi t ci) NestLoop(k mk cc cct2 cct1 mi_idx it2 mi t ci n) HashJoin(k mk cc cct2 cct1 mi_idx it2 mi t ci n it1) Leading((((((((((k mk) ((cc cct2) cct1)) mi_idx) it2) mi) t) ci) n) it1)) */
"SELECT MIN(mi.info) AS movie_budget, MIN(mi_idx.info) AS movie_votes, MIN(n.name) AS writer, MIN(t.title) AS complete_violent_movie
FROM sampled_complete_cast_1 AS cc,
    sampled_comp_cast_type_1 AS cct1,
    sampled_comp_cast_type_1 AS cct2,
    sampled_cast_info_1 AS ci,
    sampled_info_type_1 AS it1,
    sampled_info_type_1 AS it2,
    sampled_keyword_1 AS k,
    sampled_movie_info_1 AS mi,
    sampled_movie_info_idx_1 AS mi_idx,
    sampled_movie_keyword_1 AS mk,
    sampled_name_1 AS n,
    sampled_title_1 AS t
WHERE t.id = mi.movie_id
AND t.id = mi_idx.movie_id
AND t.id = ci.movie_id
AND t.id = mk.movie_id
AND t.id = cc.movie_id
AND ci.movie_id = mi.movie_id
AND ci.movie_id = mi_idx.movie_id
AND ci.movie_id = mk.movie_id
AND ci.movie_id = cc.movie_id
AND mi.movie_id = mi_idx.movie_id
AND mi.movie_id = mk.movie_id
AND mi.movie_id = cc.movie_id
AND mi_idx.movie_id = mk.movie_id
AND mi_idx.movie_id = cc.movie_id
AND mk.movie_id = cc.movie_id
AND n.id = ci.person_id
AND it1.id = mi.info_type_id
AND it2.id = mi_idx.info_type_id
AND k.id = mk.keyword_id
AND cct1.id = cc.subject_id
AND cct2.id = cc.status_id
AND cct1.kind IN ('cast', 'cast', 'cast', 'cast', 'cast')
AND cct2.kind = 'complete'
AND ci.note IN ('(writer)', '(production assistant)', '(associate producer)', '(associate producer)', '(writer)')
AND it1.info = 'countries'
AND it2.info = 'rating'
AND k.keyword IN ('sex', 'sex', 'sex', 'sex', 'sex')
AND mi.info IN ('Short', 'UK', 'UK', 'UK', 'Comedy')
AND n.gender = 'm'
AND t.production_year > 1982;",101,/*+  SeqScan(k) IndexScan(mk keyword_id_movie_keyword_1) SeqScan(cc) SeqScan(cct2) SeqScan(cct1) IndexScan(mi_idx movie_id_movie_info_idx_1) SeqScan(it2) IndexScan(mi movie_id_movie_info_1) IndexScan(t sampled_title_1_pkey) IndexScan(ci movie_id_cast_info_1) IndexScan(n sampled_name_1_pkey) SeqScan(it1) NestLoop(k mk) HashJoin(cc cct2) HashJoin(cc cct2 cct1) HashJoin(k mk cc cct2 cct1) NestLoop(k mk cc cct2 cct1 mi_idx) HashJoin(k mk cc cct2 cct1 mi_idx it2) NestLoop(k mk cc cct2 cct1 mi_idx it2 mi) NestLoop(k mk cc cct2 cct1 mi_idx it2 mi t) NestLoop(k mk cc cct2 cct1 mi_idx it2 mi t ci) NestLoop(k mk cc cct2 cct1 mi_idx it2 mi t ci n) HashJoin(k mk cc cct2 cct1 mi_idx it2 mi t ci n it1) Leading((((((((((k mk) ((cc cct2) cct1)) mi_idx) it2) mi) t) ci) n) it1)) */
"SELECT MIN(mi.info) AS movie_budget, MIN(mi_idx.info) AS movie_votes, MIN(n.name) AS writer, MIN(t.title) AS complete_violent_movie
FROM sampled_complete_cast_1 AS cc,
    sampled_comp_cast_type_1 AS cct1,
    sampled_comp_cast_type_1 AS cct2,
    sampled_cast_info_1 AS ci,
    sampled_info_type_1 AS it1,
    sampled_info_type_1 AS it2,
    sampled_keyword_1 AS k,
    sampled_movie_info_1 AS mi,
    sampled_movie_info_idx_1 AS mi_idx,
    sampled_movie_keyword_1 AS mk,
    sampled_name_1 AS n,
    sampled_title_1 AS t
WHERE t.id = mi.movie_id
AND t.id = mi_idx.movie_id
AND t.id = ci.movie_id
AND t.id = mk.movie_id
AND t.id = cc.movie_id
AND ci.movie_id = mi.movie_id
AND ci.movie_id = mi_idx.movie_id
AND ci.movie_id = mk.movie_id
AND ci.movie_id = cc.movie_id
AND mi.movie_id = mi_idx.movie_id
AND mi.movie_id = mk.movie_id
AND mi.movie_id = cc.movie_id
AND mi_idx.movie_id = mk.movie_id
AND mi_idx.movie_id = cc.movie_id
AND mk.movie_id = cc.movie_id
AND n.id = ci.person_id
AND it1.id = mi.info_type_id
AND it2.id = mi_idx.info_type_id
AND k.id = mk.keyword_id
AND cct1.id = cc.subject_id
AND cct2.id = cc.status_id
AND cct1.kind IN ('crew', 'crew', 'crew', 'crew', 'crew')
AND cct2.kind = 'complete'
AND ci.note IN ('(written by)', '(story)', '(director of photography)', '(creator)', '(associate producer)')
AND it1.info = 'countries'
AND it2.info = 'rating'
AND k.keyword IN ('character-name-in-title', 'independent-film', 'independent-film', 'independent-film', 'character-name-in-title')
AND mi.info IN ('USA', 'English', 'Mono', 'USA', 'English')
AND n.gender = 'm'
AND t.production_year > 1990;",101,/*+  SeqScan(k) IndexScan(mk keyword_id_movie_keyword_1) SeqScan(cc) SeqScan(cct2) SeqScan(cct1) IndexScan(mi_idx movie_id_movie_info_idx_1) SeqScan(it2) IndexScan(mi movie_id_movie_info_1) IndexScan(t sampled_title_1_pkey) IndexScan(ci movie_id_cast_info_1) IndexScan(n sampled_name_1_pkey) SeqScan(it1) NestLoop(k mk) HashJoin(cc cct2) HashJoin(cc cct2 cct1) HashJoin(k mk cc cct2 cct1) NestLoop(k mk cc cct2 cct1 mi_idx) HashJoin(k mk cc cct2 cct1 mi_idx it2) NestLoop(k mk cc cct2 cct1 mi_idx it2 mi) NestLoop(k mk cc cct2 cct1 mi_idx it2 mi t) NestLoop(k mk cc cct2 cct1 mi_idx it2 mi t ci) NestLoop(k mk cc cct2 cct1 mi_idx it2 mi t ci n) HashJoin(k mk cc cct2 cct1 mi_idx it2 mi t ci n it1) Leading((((((((((k mk) ((cc cct2) cct1)) mi_idx) it2) mi) t) ci) n) it1)) */
"SELECT MIN(mi.info) AS movie_budget, MIN(mi_idx.info) AS movie_votes, MIN(n.name) AS writer, MIN(t.title) AS complete_violent_movie
FROM sampled_complete_cast_1 AS cc,
    sampled_comp_cast_type_1 AS cct1,
    sampled_comp_cast_type_1 AS cct2,
    sampled_cast_info_1 AS ci,
    sampled_info_type_1 AS it1,
    sampled_info_type_1 AS it2,
    sampled_keyword_1 AS k,
    sampled_movie_info_1 AS mi,
    sampled_movie_info_idx_1 AS mi_idx,
    sampled_movie_keyword_1 AS mk,
    sampled_name_1 AS n,
    sampled_title_1 AS t
WHERE t.id = mi.movie_id
AND t.id = mi_idx.movie_id
AND t.id = ci.movie_id
AND t.id = mk.movie_id
AND t.id = cc.movie_id
AND ci.movie_id = mi.movie_id
AND ci.movie_id = mi_idx.movie_id
AND ci.movie_id = mk.movie_id
AND ci.movie_id = cc.movie_id
AND mi.movie_id = mi_idx.movie_id
AND mi.movie_id = mk.movie_id
AND mi.movie_id = cc.movie_id
AND mi_idx.movie_id = mk.movie_id
AND mi_idx.movie_id = cc.movie_id
AND mk.movie_id = cc.movie_id
AND n.id = ci.person_id
AND it1.id = mi.info_type_id
AND it2.id = mi_idx.info_type_id
AND k.id = mk.keyword_id
AND cct1.id = cc.subject_id
AND cct2.id = cc.status_id
AND cct1.kind IN ('cast', 'cast', 'cast', 'cast', 'cast')
AND cct2.kind = 'complete+verified'
AND ci.note IN ('(producer)', '(executive producer)', '(producer)', '(executive producer)', '(executive producer)')
AND it1.info = 'countries'
AND it2.info = 'votes distribution'
AND k.keyword IN ('based-on-novel', 'based-on-novel', 'based-on-novel', 'based-on-novel', 'based-on-novel')
AND mi.info IN ('PFM:35 mm', 'USA', 'OFM:35 mm', 'RAT:1.33 : 1', 'OFM:35 mm')
AND n.gender = 'm'
AND t.production_year > 1976;",101,/*+  SeqScan(k) IndexScan(mk keyword_id_movie_keyword_1) SeqScan(cc) SeqScan(cct2) SeqScan(cct1) IndexScan(mi_idx movie_id_movie_info_idx_1) SeqScan(it2) IndexScan(mi movie_id_movie_info_1) IndexScan(t sampled_title_1_pkey) IndexScan(ci movie_id_cast_info_1) IndexScan(n sampled_name_1_pkey) SeqScan(it1) NestLoop(k mk) HashJoin(cc cct2) HashJoin(cc cct2 cct1) HashJoin(k mk cc cct2 cct1) NestLoop(k mk cc cct2 cct1 mi_idx) HashJoin(k mk cc cct2 cct1 mi_idx it2) NestLoop(k mk cc cct2 cct1 mi_idx it2 mi) NestLoop(k mk cc cct2 cct1 mi_idx it2 mi t) NestLoop(k mk cc cct2 cct1 mi_idx it2 mi t ci) NestLoop(k mk cc cct2 cct1 mi_idx it2 mi t ci n) HashJoin(k mk cc cct2 cct1 mi_idx it2 mi t ci n it1) Leading((((((((((k mk) ((cc cct2) cct1)) mi_idx) it2) mi) t) ci) n) it1)) */
"SELECT MIN(mi.info) AS movie_budget, MIN(mi_idx.info) AS movie_votes, MIN(n.name) AS writer, MIN(t.title) AS complete_violent_movie
FROM sampled_complete_cast_1 AS cc,
    sampled_comp_cast_type_1 AS cct1,
    sampled_comp_cast_type_1 AS cct2,
    sampled_cast_info_1 AS ci,
    sampled_info_type_1 AS it1,
    sampled_info_type_1 AS it2,
    sampled_keyword_1 AS k,
    sampled_movie_info_1 AS mi,
    sampled_movie_info_idx_1 AS mi_idx,
    sampled_movie_keyword_1 AS mk,
    sampled_name_1 AS n,
    sampled_title_1 AS t
WHERE t.id = mi.movie_id
AND t.id = mi_idx.movie_id
AND t.id = ci.movie_id
AND t.id = mk.movie_id
AND t.id = cc.movie_id
AND ci.movie_id = mi.movie_id
AND ci.movie_id = mi_idx.movie_id
AND ci.movie_id = mk.movie_id
AND ci.movie_id = cc.movie_id
AND mi.movie_id = mi_idx.movie_id
AND mi.movie_id = mk.movie_id
AND mi.movie_id = cc.movie_id
AND mi_idx.movie_id = mk.movie_id
AND mi_idx.movie_id = cc.movie_id
AND mk.movie_id = cc.movie_id
AND n.id = ci.person_id
AND it1.id = mi.info_type_id
AND it2.id = mi_idx.info_type_id
AND k.id = mk.keyword_id
AND cct1.id = cc.subject_id
AND cct2.id = cc.status_id
AND cct1.kind IN ('crew', 'crew', 'crew', 'crew', 'crew')
AND cct2.kind = 'complete+verified'
AND ci.note IN ('(uncredited)', '(uncredited)', '(uncredited)', '(uncredited)', '(uncredited)')
AND it1.info = 'countries'
AND it2.info = 'top 250 rank'
AND k.keyword IN ('character-name-in-title', 'independent-film', 'independent-film', 'character-name-in-title', 'character-name-in-title')
AND mi.info IN ('USA', 'RAT:1.33 : 1', 'Drama', 'RAT:1.33 : 1', 'PFM:35 mm')
AND n.gender = 'm'
AND t.production_year > 1962;",101,/*+  SeqScan(k) IndexScan(mk keyword_id_movie_keyword_1) SeqScan(cc) SeqScan(cct2) SeqScan(cct1) IndexScan(mi_idx movie_id_movie_info_idx_1) SeqScan(it2) IndexScan(mi movie_id_movie_info_1) IndexScan(t sampled_title_1_pkey) IndexScan(ci movie_id_cast_info_1) IndexScan(n sampled_name_1_pkey) SeqScan(it1) NestLoop(k mk) HashJoin(cc cct2) HashJoin(cc cct2 cct1) HashJoin(k mk cc cct2 cct1) NestLoop(k mk cc cct2 cct1 mi_idx) HashJoin(k mk cc cct2 cct1 mi_idx it2) NestLoop(k mk cc cct2 cct1 mi_idx it2 mi) NestLoop(k mk cc cct2 cct1 mi_idx it2 mi t) NestLoop(k mk cc cct2 cct1 mi_idx it2 mi t ci) NestLoop(k mk cc cct2 cct1 mi_idx it2 mi t ci n) HashJoin(k mk cc cct2 cct1 mi_idx it2 mi t ci n it1) Leading((((((((((k mk) ((cc cct2) cct1)) mi_idx) it2) mi) t) ci) n) it1)) */
"SELECT MIN(mi.info) AS movie_budget, MIN(mi_idx.info) AS movie_votes, MIN(n.name) AS writer, MIN(t.title) AS complete_violent_movie
FROM sampled_complete_cast_1 AS cc,
    sampled_comp_cast_type_1 AS cct1,
    sampled_comp_cast_type_1 AS cct2,
    sampled_cast_info_1 AS ci,
    sampled_info_type_1 AS it1,
    sampled_info_type_1 AS it2,
    sampled_keyword_1 AS k,
    sampled_movie_info_1 AS mi,
    sampled_movie_info_idx_1 AS mi_idx,
    sampled_movie_keyword_1 AS mk,
    sampled_name_1 AS n,
    sampled_title_1 AS t
WHERE t.id = mi.movie_id
AND t.id = mi_idx.movie_id
AND t.id = ci.movie_id
AND t.id = mk.movie_id
AND t.id = cc.movie_id
AND ci.movie_id = mi.movie_id
AND ci.movie_id = mi_idx.movie_id
AND ci.movie_id = mk.movie_id
AND ci.movie_id = cc.movie_id
AND mi.movie_id = mi_idx.movie_id
AND mi.movie_id = mk.movie_id
AND mi.movie_id = cc.movie_id
AND mi_idx.movie_id = mk.movie_id
AND mi_idx.movie_id = cc.movie_id
AND mk.movie_id = cc.movie_id
AND n.id = ci.person_id
AND it1.id = mi.info_type_id
AND it2.id = mi_idx.info_type_id
AND k.id = mk.keyword_id
AND cct1.id = cc.subject_id
AND cct2.id = cc.status_id
AND cct1.kind IN ('cast', 'cast', 'cast', 'cast', 'cast')
AND cct2.kind = 'complete'
AND ci.note IN ('(as Don G. Doolittle)', '(as Laly RamÃ³n)', '(fixer: Italy)', '(as Moushmi)', '(assistant accountant: Rome)')
AND it1.info = 'countries'
AND it2.info = 'votes distribution'
AND k.keyword IN ('murder', 'murder', 'murder', 'murder', 'murder')
AND mi.info IN ('USA', 'USA', 'PFM:35 mm', 'PFM:35 mm', 'USA')
AND n.gender = 'm'
AND t.production_year > 1963;",101,/*+  SeqScan(k) IndexScan(mk keyword_id_movie_keyword_1) SeqScan(cc) SeqScan(cct2) SeqScan(cct1) IndexScan(mi_idx movie_id_movie_info_idx_1) SeqScan(it2) IndexScan(mi movie_id_movie_info_1) IndexScan(t sampled_title_1_pkey) IndexScan(ci movie_id_cast_info_1) IndexScan(n sampled_name_1_pkey) SeqScan(it1) NestLoop(k mk) HashJoin(cc cct2) HashJoin(cc cct2 cct1) HashJoin(k mk cc cct2 cct1) NestLoop(k mk cc cct2 cct1 mi_idx) HashJoin(k mk cc cct2 cct1 mi_idx it2) NestLoop(k mk cc cct2 cct1 mi_idx it2 mi) NestLoop(k mk cc cct2 cct1 mi_idx it2 mi t) NestLoop(k mk cc cct2 cct1 mi_idx it2 mi t ci) NestLoop(k mk cc cct2 cct1 mi_idx it2 mi t ci n) HashJoin(k mk cc cct2 cct1 mi_idx it2 mi t ci n it1) Leading((((((((((k mk) ((cc cct2) cct1)) mi_idx) it2) mi) t) ci) n) it1)) */
"SELECT MIN(mi.info) AS movie_budget, MIN(mi_idx.info) AS movie_votes, MIN(n.name) AS writer, MIN(t.title) AS complete_violent_movie
FROM sampled_complete_cast_1 AS cc,
    sampled_comp_cast_type_1 AS cct1,
    sampled_comp_cast_type_1 AS cct2,
    sampled_cast_info_1 AS ci,
    sampled_info_type_1 AS it1,
    sampled_info_type_1 AS it2,
    sampled_keyword_1 AS k,
    sampled_movie_info_1 AS mi,
    sampled_movie_info_idx_1 AS mi_idx,
    sampled_movie_keyword_1 AS mk,
    sampled_name_1 AS n,
    sampled_title_1 AS t
WHERE t.id = mi.movie_id
AND t.id = mi_idx.movie_id
AND t.id = ci.movie_id
AND t.id = mk.movie_id
AND t.id = cc.movie_id
AND ci.movie_id = mi.movie_id
AND ci.movie_id = mi_idx.movie_id
AND ci.movie_id = mk.movie_id
AND ci.movie_id = cc.movie_id
AND mi.movie_id = mi_idx.movie_id
AND mi.movie_id = mk.movie_id
AND mi.movie_id = cc.movie_id
AND mi_idx.movie_id = mk.movie_id
AND mi_idx.movie_id = cc.movie_id
AND mk.movie_id = cc.movie_id
AND n.id = ci.person_id
AND it1.id = mi.info_type_id
AND it2.id = mi_idx.info_type_id
AND k.id = mk.keyword_id
AND cct1.id = cc.subject_id
AND cct2.id = cc.status_id
AND cct1.kind IN ('cast', 'cast', 'cast', 'cast', 'cast')
AND cct2.kind = 'complete+verified'
AND ci.note IN ('(associate producer)', '(production assistant)', '(creator)', '(executive producer)', '(written by)')
AND it1.info = 'genres'
AND it2.info = 'votes distribution'
AND k.keyword IN ('female-nudity', 'female-nudity', 'female-nudity', 'female-nudity', 'female-nudity')
AND mi.info IN ('Drama', 'Comedy', 'Drama', 'Comedy', 'Drama')
AND n.gender = 'm'
AND t.production_year > 1989;",101,/*+  SeqScan(k) IndexScan(mk keyword_id_movie_keyword_1) SeqScan(cc) SeqScan(cct2) SeqScan(cct1) IndexScan(mi_idx movie_id_movie_info_idx_1) SeqScan(it2) IndexScan(mi movie_id_movie_info_1) IndexScan(t sampled_title_1_pkey) IndexScan(ci movie_id_cast_info_1) IndexScan(n sampled_name_1_pkey) SeqScan(it1) NestLoop(k mk) HashJoin(cc cct2) HashJoin(cc cct2 cct1) HashJoin(k mk cc cct2 cct1) NestLoop(k mk cc cct2 cct1 mi_idx) HashJoin(k mk cc cct2 cct1 mi_idx it2) NestLoop(k mk cc cct2 cct1 mi_idx it2 mi) NestLoop(k mk cc cct2 cct1 mi_idx it2 mi t) NestLoop(k mk cc cct2 cct1 mi_idx it2 mi t ci) NestLoop(k mk cc cct2 cct1 mi_idx it2 mi t ci n) HashJoin(k mk cc cct2 cct1 mi_idx it2 mi t ci n it1) Leading((((((((((k mk) ((cc cct2) cct1)) mi_idx) it2) mi) t) ci) n) it1)) */
"SELECT MIN(mi.info) AS movie_budget, MIN(mi_idx.info) AS movie_votes, MIN(n.name) AS writer, MIN(t.title) AS complete_violent_movie
FROM sampled_complete_cast_1 AS cc,
    sampled_comp_cast_type_1 AS cct1,
    sampled_comp_cast_type_1 AS cct2,
    sampled_cast_info_1 AS ci,
    sampled_info_type_1 AS it1,
    sampled_info_type_1 AS it2,
    sampled_keyword_1 AS k,
    sampled_movie_info_1 AS mi,
    sampled_movie_info_idx_1 AS mi_idx,
    sampled_movie_keyword_1 AS mk,
    sampled_name_1 AS n,
    sampled_title_1 AS t
WHERE t.id = mi.movie_id
AND t.id = mi_idx.movie_id
AND t.id = ci.movie_id
AND t.id = mk.movie_id
AND t.id = cc.movie_id
AND ci.movie_id = mi.movie_id
AND ci.movie_id = mi_idx.movie_id
AND ci.movie_id = mk.movie_id
AND ci.movie_id = cc.movie_id
AND mi.movie_id = mi_idx.movie_id
AND mi.movie_id = mk.movie_id
AND mi.movie_id = cc.movie_id
AND mi_idx.movie_id = mk.movie_id
AND mi_idx.movie_id = cc.movie_id
AND mk.movie_id = cc.movie_id
AND n.id = ci.person_id
AND it1.id = mi.info_type_id
AND it2.id = mi_idx.info_type_id
AND k.id = mk.keyword_id
AND cct1.id = cc.subject_id
AND cct2.id = cc.status_id
AND cct1.kind IN ('cast', 'cast', 'cast', 'cast', 'cast')
AND cct2.kind = 'complete+verified'
AND ci.note IN ('(story)', '(screenplay)', '(screenplay)', '(screenplay)', '(associate producer)')
AND it1.info = 'genres'
AND it2.info = 'rating'
AND k.keyword IN ('revenge', 'sequel', 'non-fiction', 'erotica', 'softcore')
AND mi.info IN ('Black and White', 'Drama', 'Drama', 'Black and White', 'Black and White')
AND n.gender = 'm'
AND t.production_year > 1976;",101,/*+  SeqScan(k) IndexScan(mk keyword_id_movie_keyword_1) SeqScan(cc) SeqScan(cct2) SeqScan(cct1) IndexScan(mi_idx movie_id_movie_info_idx_1) SeqScan(it2) IndexScan(mi movie_id_movie_info_1) IndexScan(t sampled_title_1_pkey) IndexScan(ci movie_id_cast_info_1) IndexScan(n sampled_name_1_pkey) SeqScan(it1) NestLoop(k mk) HashJoin(cc cct2) HashJoin(cc cct2 cct1) HashJoin(k mk cc cct2 cct1) NestLoop(k mk cc cct2 cct1 mi_idx) HashJoin(k mk cc cct2 cct1 mi_idx it2) NestLoop(k mk cc cct2 cct1 mi_idx it2 mi) NestLoop(k mk cc cct2 cct1 mi_idx it2 mi t) NestLoop(k mk cc cct2 cct1 mi_idx it2 mi t ci) NestLoop(k mk cc cct2 cct1 mi_idx it2 mi t ci n) HashJoin(k mk cc cct2 cct1 mi_idx it2 mi t ci n it1) Leading((((((((((k mk) ((cc cct2) cct1)) mi_idx) it2) mi) t) ci) n) it1)) */
"SELECT MIN(mi.info) AS movie_budget, MIN(mi_idx.info) AS movie_votes, MIN(n.name) AS writer, MIN(t.title) AS complete_violent_movie
FROM sampled_complete_cast_1 AS cc,
    sampled_comp_cast_type_1 AS cct1,
    sampled_comp_cast_type_1 AS cct2,
    sampled_cast_info_1 AS ci,
    sampled_info_type_1 AS it1,
    sampled_info_type_1 AS it2,
    sampled_keyword_1 AS k,
    sampled_movie_info_1 AS mi,
    sampled_movie_info_idx_1 AS mi_idx,
    sampled_movie_keyword_1 AS mk,
    sampled_name_1 AS n,
    sampled_title_1 AS t
WHERE t.id = mi.movie_id
AND t.id = mi_idx.movie_id
AND t.id = ci.movie_id
AND t.id = mk.movie_id
AND t.id = cc.movie_id
AND ci.movie_id = mi.movie_id
AND ci.movie_id = mi_idx.movie_id
AND ci.movie_id = mk.movie_id
AND ci.movie_id = cc.movie_id
AND mi.movie_id = mi_idx.movie_id
AND mi.movie_id = mk.movie_id
AND mi.movie_id = cc.movie_id
AND mi_idx.movie_id = mk.movie_id
AND mi_idx.movie_id = cc.movie_id
AND mk.movie_id = cc.movie_id
AND n.id = ci.person_id
AND it1.id = mi.info_type_id
AND it2.id = mi_idx.info_type_id
AND k.id = mk.keyword_id
AND cct1.id = cc.subject_id
AND cct2.id = cc.status_id
AND cct1.kind IN ('cast', 'cast', 'cast', 'cast', 'cast')
AND cct2.kind = 'complete+verified'
AND ci.note IN ('(script supervisor)', '(associate producer)', '(associate producer)', '(screenplay)', '(executive producer)')
AND it1.info = 'genres'
AND it2.info = 'top 250 rank'
AND k.keyword IN ('female-nudity', 'female-nudity', 'female-nudity', 'female-nudity', 'female-nudity')
AND mi.info IN ('RAT:1.33 : 1', 'Drama', 'RAT:1.33 : 1', 'Drama', 'RAT:1.33 : 1')
AND n.gender = 'm'
AND t.production_year > 1982;",101,/*+  SeqScan(k) IndexScan(mk keyword_id_movie_keyword_1) SeqScan(cc) SeqScan(cct2) SeqScan(cct1) IndexScan(mi_idx movie_id_movie_info_idx_1) SeqScan(it2) IndexScan(mi movie_id_movie_info_1) IndexScan(t sampled_title_1_pkey) IndexScan(ci movie_id_cast_info_1) IndexScan(n sampled_name_1_pkey) SeqScan(it1) NestLoop(k mk) HashJoin(cc cct2) HashJoin(cc cct2 cct1) HashJoin(k mk cc cct2 cct1) NestLoop(k mk cc cct2 cct1 mi_idx) HashJoin(k mk cc cct2 cct1 mi_idx it2) NestLoop(k mk cc cct2 cct1 mi_idx it2 mi) NestLoop(k mk cc cct2 cct1 mi_idx it2 mi t) NestLoop(k mk cc cct2 cct1 mi_idx it2 mi t ci) NestLoop(k mk cc cct2 cct1 mi_idx it2 mi t ci n) HashJoin(k mk cc cct2 cct1 mi_idx it2 mi t ci n it1) Leading((((((((((k mk) ((cc cct2) cct1)) mi_idx) it2) mi) t) ci) n) it1)) */
"SELECT MIN(mi.info) AS movie_budget, MIN(mi_idx.info) AS movie_votes, MIN(n.name) AS writer, MIN(t.title) AS complete_violent_movie
FROM sampled_complete_cast_1 AS cc,
    sampled_comp_cast_type_1 AS cct1,
    sampled_comp_cast_type_1 AS cct2,
    sampled_cast_info_1 AS ci,
    sampled_info_type_1 AS it1,
    sampled_info_type_1 AS it2,
    sampled_keyword_1 AS k,
    sampled_movie_info_1 AS mi,
    sampled_movie_info_idx_1 AS mi_idx,
    sampled_movie_keyword_1 AS mk,
    sampled_name_1 AS n,
    sampled_title_1 AS t
WHERE t.id = mi.movie_id
AND t.id = mi_idx.movie_id
AND t.id = ci.movie_id
AND t.id = mk.movie_id
AND t.id = cc.movie_id
AND ci.movie_id = mi.movie_id
AND ci.movie_id = mi_idx.movie_id
AND ci.movie_id = mk.movie_id
AND ci.movie_id = cc.movie_id
AND mi.movie_id = mi_idx.movie_id
AND mi.movie_id = mk.movie_id
AND mi.movie_id = cc.movie_id
AND mi_idx.movie_id = mk.movie_id
AND mi_idx.movie_id = cc.movie_id
AND mk.movie_id = cc.movie_id
AND n.id = ci.person_id
AND it1.id = mi.info_type_id
AND it2.id = mi_idx.info_type_id
AND k.id = mk.keyword_id
AND cct1.id = cc.subject_id
AND cct2.id = cc.status_id
AND cct1.kind IN ('cast', 'cast', 'cast', 'cast', 'cast')
AND cct2.kind = 'complete'
AND ci.note IN ('(uncredited)', '(uncredited)', '(executive producer)', '(writer)', '(associate producer)')
AND it1.info = 'genres'
AND it2.info = 'top 250 rank'
AND k.keyword IN ('based-on-novel', 'based-on-novel', 'based-on-novel', 'based-on-novel', 'based-on-novel')
AND mi.info IN ('RAT:1.33 : 1', 'RAT:1.33 : 1', 'RAT:1.33 : 1', 'Drama', 'RAT:1.33 : 1')
AND n.gender = 'm'
AND t.production_year > 1980;",101,/*+  SeqScan(k) IndexScan(mk keyword_id_movie_keyword_1) SeqScan(cc) SeqScan(cct2) SeqScan(cct1) IndexScan(mi_idx movie_id_movie_info_idx_1) SeqScan(it2) IndexScan(mi movie_id_movie_info_1) IndexScan(t sampled_title_1_pkey) IndexScan(ci movie_id_cast_info_1) IndexScan(n sampled_name_1_pkey) SeqScan(it1) NestLoop(k mk) HashJoin(cc cct2) HashJoin(cc cct2 cct1) HashJoin(k mk cc cct2 cct1) NestLoop(k mk cc cct2 cct1 mi_idx) HashJoin(k mk cc cct2 cct1 mi_idx it2) NestLoop(k mk cc cct2 cct1 mi_idx it2 mi) NestLoop(k mk cc cct2 cct1 mi_idx it2 mi t) NestLoop(k mk cc cct2 cct1 mi_idx it2 mi t ci) NestLoop(k mk cc cct2 cct1 mi_idx it2 mi t ci n) HashJoin(k mk cc cct2 cct1 mi_idx it2 mi t ci n it1) Leading((((((((((k mk) ((cc cct2) cct1)) mi_idx) it2) mi) t) ci) n) it1)) */
"SELECT MIN(mi.info) AS movie_budget, MIN(mi_idx.info) AS movie_votes, MIN(n.name) AS writer, MIN(t.title) AS complete_violent_movie
FROM sampled_complete_cast_1 AS cc,
    sampled_comp_cast_type_1 AS cct1,
    sampled_comp_cast_type_1 AS cct2,
    sampled_cast_info_1 AS ci,
    sampled_info_type_1 AS it1,
    sampled_info_type_1 AS it2,
    sampled_keyword_1 AS k,
    sampled_movie_info_1 AS mi,
    sampled_movie_info_idx_1 AS mi_idx,
    sampled_movie_keyword_1 AS mk,
    sampled_name_1 AS n,
    sampled_title_1 AS t
WHERE t.id = mi.movie_id
AND t.id = mi_idx.movie_id
AND t.id = ci.movie_id
AND t.id = mk.movie_id
AND t.id = cc.movie_id
AND ci.movie_id = mi.movie_id
AND ci.movie_id = mi_idx.movie_id
AND ci.movie_id = mk.movie_id
AND ci.movie_id = cc.movie_id
AND mi.movie_id = mi_idx.movie_id
AND mi.movie_id = mk.movie_id
AND mi.movie_id = cc.movie_id
AND mi_idx.movie_id = mk.movie_id
AND mi_idx.movie_id = cc.movie_id
AND mk.movie_id = cc.movie_id
AND n.id = ci.person_id
AND it1.id = mi.info_type_id
AND it2.id = mi_idx.info_type_id
AND k.id = mk.keyword_id
AND cct1.id = cc.subject_id
AND cct2.id = cc.status_id
AND cct1.kind IN ('cast', 'cast', 'cast', 'cast', 'cast')
AND cct2.kind = 'complete+verified'
AND ci.note IN ('(producer)', '(producer)', '(producer)', '(producer)', '(producer)')
AND it1.info = 'genres'
AND it2.info = 'votes'
AND k.keyword IN ('character-name-in-title', 'independent-film', 'independent-film', 'character-name-in-title', 'independent-film')
AND mi.info IN ('Drama', 'RAT:1.33 : 1', 'Drama', 'RAT:1.33 : 1', 'RAT:1.33 : 1')
AND n.gender = 'm'
AND t.production_year > 1963;",101,/*+  SeqScan(k) IndexScan(mk keyword_id_movie_keyword_1) SeqScan(cc) SeqScan(cct2) SeqScan(cct1) IndexScan(mi_idx movie_id_movie_info_idx_1) SeqScan(it2) IndexScan(mi movie_id_movie_info_1) IndexScan(t sampled_title_1_pkey) IndexScan(ci movie_id_cast_info_1) IndexScan(n sampled_name_1_pkey) SeqScan(it1) NestLoop(k mk) HashJoin(cc cct2) HashJoin(cc cct2 cct1) HashJoin(k mk cc cct2 cct1) NestLoop(k mk cc cct2 cct1 mi_idx) HashJoin(k mk cc cct2 cct1 mi_idx it2) NestLoop(k mk cc cct2 cct1 mi_idx it2 mi) NestLoop(k mk cc cct2 cct1 mi_idx it2 mi t) NestLoop(k mk cc cct2 cct1 mi_idx it2 mi t ci) NestLoop(k mk cc cct2 cct1 mi_idx it2 mi t ci n) HashJoin(k mk cc cct2 cct1 mi_idx it2 mi t ci n it1) Leading((((((((((k mk) ((cc cct2) cct1)) mi_idx) it2) mi) t) ci) n) it1)) */
"SELECT MIN(mi.info) AS movie_budget, MIN(mi_idx.info) AS movie_votes, MIN(n.name) AS writer, MIN(t.title) AS complete_violent_movie
FROM sampled_complete_cast_1 AS cc,
    sampled_comp_cast_type_1 AS cct1,
    sampled_comp_cast_type_1 AS cct2,
    sampled_cast_info_1 AS ci,
    sampled_info_type_1 AS it1,
    sampled_info_type_1 AS it2,
    sampled_keyword_1 AS k,
    sampled_movie_info_1 AS mi,
    sampled_movie_info_idx_1 AS mi_idx,
    sampled_movie_keyword_1 AS mk,
    sampled_name_1 AS n,
    sampled_title_1 AS t
WHERE t.id = mi.movie_id
AND t.id = mi_idx.movie_id
AND t.id = ci.movie_id
AND t.id = mk.movie_id
AND t.id = cc.movie_id
AND ci.movie_id = mi.movie_id
AND ci.movie_id = mi_idx.movie_id
AND ci.movie_id = mk.movie_id
AND ci.movie_id = cc.movie_id
AND mi.movie_id = mi_idx.movie_id
AND mi.movie_id = mk.movie_id
AND mi.movie_id = cc.movie_id
AND mi_idx.movie_id = mk.movie_id
AND mi_idx.movie_id = cc.movie_id
AND mk.movie_id = cc.movie_id
AND n.id = ci.person_id
AND it1.id = mi.info_type_id
AND it2.id = mi_idx.info_type_id
AND k.id = mk.keyword_id
AND cct1.id = cc.subject_id
AND cct2.id = cc.status_id
AND cct1.kind IN ('cast', 'cast', 'cast', 'cast', 'cast')
AND cct2.kind = 'complete+verified'
AND ci.note IN ('(producer) (as Mark Arnold)', '(assistant: Mr. Swaim)', '(time code)', '(coordinator: Mendocino)', '(aerial unit coordinator)')
AND it1.info = 'countries'
AND it2.info = 'votes distribution'
AND k.keyword IN ('number-in-title', 'nudity', 'based-on-play', 'nudity', 'nudity')
AND mi.info IN ('USA', 'USA', 'USA', 'USA', 'USA')
AND n.gender = 'm'
AND t.production_year > 1981;",101,/*+  SeqScan(k) IndexScan(mk keyword_id_movie_keyword_1) SeqScan(cc) SeqScan(cct2) SeqScan(cct1) IndexScan(mi_idx movie_id_movie_info_idx_1) SeqScan(it2) IndexScan(mi movie_id_movie_info_1) IndexScan(t sampled_title_1_pkey) IndexScan(ci movie_id_cast_info_1) IndexScan(n sampled_name_1_pkey) SeqScan(it1) NestLoop(k mk) HashJoin(cc cct2) HashJoin(cc cct2 cct1) HashJoin(k mk cc cct2 cct1) NestLoop(k mk cc cct2 cct1 mi_idx) HashJoin(k mk cc cct2 cct1 mi_idx it2) NestLoop(k mk cc cct2 cct1 mi_idx it2 mi) NestLoop(k mk cc cct2 cct1 mi_idx it2 mi t) NestLoop(k mk cc cct2 cct1 mi_idx it2 mi t ci) NestLoop(k mk cc cct2 cct1 mi_idx it2 mi t ci n) HashJoin(k mk cc cct2 cct1 mi_idx it2 mi t ci n it1) Leading((((((((((k mk) ((cc cct2) cct1)) mi_idx) it2) mi) t) ci) n) it1)) */
"SELECT MIN(mi.info) AS movie_budget, MIN(mi_idx.info) AS movie_votes, MIN(n.name) AS writer, MIN(t.title) AS complete_violent_movie
FROM sampled_complete_cast_1 AS cc,
    sampled_comp_cast_type_1 AS cct1,
    sampled_comp_cast_type_1 AS cct2,
    sampled_cast_info_1 AS ci,
    sampled_info_type_1 AS it1,
    sampled_info_type_1 AS it2,
    sampled_keyword_1 AS k,
    sampled_movie_info_1 AS mi,
    sampled_movie_info_idx_1 AS mi_idx,
    sampled_movie_keyword_1 AS mk,
    sampled_name_1 AS n,
    sampled_title_1 AS t
WHERE t.id = mi.movie_id
AND t.id = mi_idx.movie_id
AND t.id = ci.movie_id
AND t.id = mk.movie_id
AND t.id = cc.movie_id
AND ci.movie_id = mi.movie_id
AND ci.movie_id = mi_idx.movie_id
AND ci.movie_id = mk.movie_id
AND ci.movie_id = cc.movie_id
AND mi.movie_id = mi_idx.movie_id
AND mi.movie_id = mk.movie_id
AND mi.movie_id = cc.movie_id
AND mi_idx.movie_id = mk.movie_id
AND mi_idx.movie_id = cc.movie_id
AND mk.movie_id = cc.movie_id
AND n.id = ci.person_id
AND it1.id = mi.info_type_id
AND it2.id = mi_idx.info_type_id
AND k.id = mk.keyword_id
AND cct1.id = cc.subject_id
AND cct2.id = cc.status_id
AND cct1.kind IN ('cast', 'cast', 'cast', 'cast', 'cast')
AND cct2.kind = 'complete+verified'
AND ci.note IN ('(archive footage)', '(archive footage)', '(archive footage)', '(director of photography)', '(script supervisor)')
AND it1.info = 'countries'
AND it2.info = 'votes distribution'
AND k.keyword IN ('number-in-title', 'based-on-play', 'based-on-play', 'based-on-play', 'nudity')
AND mi.info IN ('English', 'USA', 'Color', 'USA', 'English')
AND n.gender = 'm'
AND t.production_year > 1965;",101,/*+  SeqScan(k) IndexScan(mk keyword_id_movie_keyword_1) SeqScan(cc) SeqScan(cct2) SeqScan(cct1) IndexScan(mi_idx movie_id_movie_info_idx_1) SeqScan(it2) IndexScan(mi movie_id_movie_info_1) IndexScan(t sampled_title_1_pkey) IndexScan(ci movie_id_cast_info_1) IndexScan(n sampled_name_1_pkey) SeqScan(it1) NestLoop(k mk) HashJoin(cc cct2) HashJoin(cc cct2 cct1) HashJoin(k mk cc cct2 cct1) NestLoop(k mk cc cct2 cct1 mi_idx) HashJoin(k mk cc cct2 cct1 mi_idx it2) NestLoop(k mk cc cct2 cct1 mi_idx it2 mi) NestLoop(k mk cc cct2 cct1 mi_idx it2 mi t) NestLoop(k mk cc cct2 cct1 mi_idx it2 mi t ci) NestLoop(k mk cc cct2 cct1 mi_idx it2 mi t ci n) HashJoin(k mk cc cct2 cct1 mi_idx it2 mi t ci n it1) Leading((((((((((k mk) ((cc cct2) cct1)) mi_idx) it2) mi) t) ci) n) it1)) */
"SELECT MIN(mi.info) AS movie_budget, MIN(mi_idx.info) AS movie_votes, MIN(n.name) AS writer, MIN(t.title) AS complete_violent_movie
FROM sampled_complete_cast_1 AS cc,
    sampled_comp_cast_type_1 AS cct1,
    sampled_comp_cast_type_1 AS cct2,
    sampled_cast_info_1 AS ci,
    sampled_info_type_1 AS it1,
    sampled_info_type_1 AS it2,
    sampled_keyword_1 AS k,
    sampled_movie_info_1 AS mi,
    sampled_movie_info_idx_1 AS mi_idx,
    sampled_movie_keyword_1 AS mk,
    sampled_name_1 AS n,
    sampled_title_1 AS t
WHERE t.id = mi.movie_id
AND t.id = mi_idx.movie_id
AND t.id = ci.movie_id
AND t.id = mk.movie_id
AND t.id = cc.movie_id
AND ci.movie_id = mi.movie_id
AND ci.movie_id = mi_idx.movie_id
AND ci.movie_id = mk.movie_id
AND ci.movie_id = cc.movie_id
AND mi.movie_id = mi_idx.movie_id
AND mi.movie_id = mk.movie_id
AND mi.movie_id = cc.movie_id
AND mi_idx.movie_id = mk.movie_id
AND mi_idx.movie_id = cc.movie_id
AND mk.movie_id = cc.movie_id
AND n.id = ci.person_id
AND it1.id = mi.info_type_id
AND it2.id = mi_idx.info_type_id
AND k.id = mk.keyword_id
AND cct1.id = cc.subject_id
AND cct2.id = cc.status_id
AND cct1.kind IN ('cast', 'cast', 'cast', 'cast', 'cast')
AND cct2.kind = 'complete+verified'
AND ci.note IN ('(as Evgueny Evtushenko: Cuban version)', '(producer)', '(production associate)', '(producer)', '(choreographer: ninja/martial arts)')
AND it1.info = 'genres'
AND it2.info = 'votes distribution'
AND k.keyword IN ('sex', 'sex', 'sex', 'sex', 'sex')
AND mi.info IN ('Comedy', 'Comedy', 'Comedy', 'Comedy', 'Comedy')
AND n.gender = 'm'
AND t.production_year > 1969;",101,/*+  SeqScan(k) IndexScan(mk keyword_id_movie_keyword_1) SeqScan(cc) SeqScan(cct2) SeqScan(cct1) IndexScan(mi_idx movie_id_movie_info_idx_1) SeqScan(it2) IndexScan(mi movie_id_movie_info_1) IndexScan(t sampled_title_1_pkey) IndexScan(ci movie_id_cast_info_1) IndexScan(n sampled_name_1_pkey) SeqScan(it1) NestLoop(k mk) HashJoin(cc cct2) HashJoin(cc cct2 cct1) HashJoin(k mk cc cct2 cct1) NestLoop(k mk cc cct2 cct1 mi_idx) HashJoin(k mk cc cct2 cct1 mi_idx it2) NestLoop(k mk cc cct2 cct1 mi_idx it2 mi) NestLoop(k mk cc cct2 cct1 mi_idx it2 mi t) NestLoop(k mk cc cct2 cct1 mi_idx it2 mi t ci) NestLoop(k mk cc cct2 cct1 mi_idx it2 mi t ci n) HashJoin(k mk cc cct2 cct1 mi_idx it2 mi t ci n it1) Leading((((((((((k mk) ((cc cct2) cct1)) mi_idx) it2) mi) t) ci) n) it1)) */
"SELECT MIN(mi.info) AS movie_budget, MIN(mi_idx.info) AS movie_votes, MIN(n.name) AS writer, MIN(t.title) AS complete_violent_movie
FROM sampled_complete_cast_1 AS cc,
    sampled_comp_cast_type_1 AS cct1,
    sampled_comp_cast_type_1 AS cct2,
    sampled_cast_info_1 AS ci,
    sampled_info_type_1 AS it1,
    sampled_info_type_1 AS it2,
    sampled_keyword_1 AS k,
    sampled_movie_info_1 AS mi,
    sampled_movie_info_idx_1 AS mi_idx,
    sampled_movie_keyword_1 AS mk,
    sampled_name_1 AS n,
    sampled_title_1 AS t
WHERE t.id = mi.movie_id
AND t.id = mi_idx.movie_id
AND t.id = ci.movie_id
AND t.id = mk.movie_id
AND t.id = cc.movie_id
AND ci.movie_id = mi.movie_id
AND ci.movie_id = mi_idx.movie_id
AND ci.movie_id = mk.movie_id
AND ci.movie_id = cc.movie_id
AND mi.movie_id = mi_idx.movie_id
AND mi.movie_id = mk.movie_id
AND mi.movie_id = cc.movie_id
AND mi_idx.movie_id = mk.movie_id
AND mi_idx.movie_id = cc.movie_id
AND mk.movie_id = cc.movie_id
AND n.id = ci.person_id
AND it1.id = mi.info_type_id
AND it2.id = mi_idx.info_type_id
AND k.id = mk.keyword_id
AND cct1.id = cc.subject_id
AND cct2.id = cc.status_id
AND cct1.kind IN ('cast', 'cast', 'cast', 'cast', 'cast')
AND cct2.kind = 'complete+verified'
AND ci.note IN ('(voice)', '(voice)', '(executive producer)', '(voice)', '(voice)')
AND it1.info = 'genres'
AND it2.info = 'top 250 rank'
AND k.keyword IN ('murder', 'murder', 'murder', 'murder', 'murder')
AND mi.info IN ('Comedy', 'Comedy', 'Comedy', 'Comedy', 'Comedy')
AND n.gender = 'm'
AND t.production_year > 1972;",101,/*+  SeqScan(k) IndexScan(mk keyword_id_movie_keyword_1) SeqScan(cc) SeqScan(cct2) SeqScan(cct1) IndexScan(mi_idx movie_id_movie_info_idx_1) SeqScan(it2) IndexScan(mi movie_id_movie_info_1) IndexScan(t sampled_title_1_pkey) IndexScan(ci movie_id_cast_info_1) IndexScan(n sampled_name_1_pkey) SeqScan(it1) NestLoop(k mk) HashJoin(cc cct2) HashJoin(cc cct2 cct1) HashJoin(k mk cc cct2 cct1) NestLoop(k mk cc cct2 cct1 mi_idx) HashJoin(k mk cc cct2 cct1 mi_idx it2) NestLoop(k mk cc cct2 cct1 mi_idx it2 mi) NestLoop(k mk cc cct2 cct1 mi_idx it2 mi t) NestLoop(k mk cc cct2 cct1 mi_idx it2 mi t ci) NestLoop(k mk cc cct2 cct1 mi_idx it2 mi t ci n) HashJoin(k mk cc cct2 cct1 mi_idx it2 mi t ci n it1) Leading((((((((((k mk) ((cc cct2) cct1)) mi_idx) it2) mi) t) ci) n) it1)) */
"SELECT MIN(mi.info) AS movie_budget, MIN(mi_idx.info) AS movie_votes, MIN(n.name) AS writer, MIN(t.title) AS complete_violent_movie
FROM sampled_complete_cast_1 AS cc,
    sampled_comp_cast_type_1 AS cct1,
    sampled_comp_cast_type_1 AS cct2,
    sampled_cast_info_1 AS ci,
    sampled_info_type_1 AS it1,
    sampled_info_type_1 AS it2,
    sampled_keyword_1 AS k,
    sampled_movie_info_1 AS mi,
    sampled_movie_info_idx_1 AS mi_idx,
    sampled_movie_keyword_1 AS mk,
    sampled_name_1 AS n,
    sampled_title_1 AS t
WHERE t.id = mi.movie_id
AND t.id = mi_idx.movie_id
AND t.id = ci.movie_id
AND t.id = mk.movie_id
AND t.id = cc.movie_id
AND ci.movie_id = mi.movie_id
AND ci.movie_id = mi_idx.movie_id
AND ci.movie_id = mk.movie_id
AND ci.movie_id = cc.movie_id
AND mi.movie_id = mi_idx.movie_id
AND mi.movie_id = mk.movie_id
AND mi.movie_id = cc.movie_id
AND mi_idx.movie_id = mk.movie_id
AND mi_idx.movie_id = cc.movie_id
AND mk.movie_id = cc.movie_id
AND n.id = ci.person_id
AND it1.id = mi.info_type_id
AND it2.id = mi_idx.info_type_id
AND k.id = mk.keyword_id
AND cct1.id = cc.subject_id
AND cct2.id = cc.status_id
AND cct1.kind IN ('crew', 'crew', 'crew', 'crew', 'crew')
AND cct2.kind = 'complete'
AND ci.note IN ('(producer)', '(producer)', '(producer)', '(producer)', '(producer)')
AND it1.info = 'genres'
AND it2.info = 'votes distribution'
AND k.keyword IN ('sex', 'sex', 'sex', 'sex', 'sex')
AND mi.info IN ('UK', 'UK', 'Dolby Surround', 'Thriller', 'Dolby Surround')
AND n.gender = 'm'
AND t.production_year > 1986;",101,/*+  SeqScan(k) IndexScan(mk keyword_id_movie_keyword_1) SeqScan(cc) SeqScan(cct2) SeqScan(cct1) IndexScan(mi_idx movie_id_movie_info_idx_1) SeqScan(it2) IndexScan(mi movie_id_movie_info_1) IndexScan(t sampled_title_1_pkey) IndexScan(ci movie_id_cast_info_1) IndexScan(n sampled_name_1_pkey) SeqScan(it1) NestLoop(k mk) HashJoin(cc cct2) HashJoin(cc cct2 cct1) HashJoin(k mk cc cct2 cct1) NestLoop(k mk cc cct2 cct1 mi_idx) HashJoin(k mk cc cct2 cct1 mi_idx it2) NestLoop(k mk cc cct2 cct1 mi_idx it2 mi) NestLoop(k mk cc cct2 cct1 mi_idx it2 mi t) NestLoop(k mk cc cct2 cct1 mi_idx it2 mi t ci) NestLoop(k mk cc cct2 cct1 mi_idx it2 mi t ci n) HashJoin(k mk cc cct2 cct1 mi_idx it2 mi t ci n it1) Leading((((((((((k mk) ((cc cct2) cct1)) mi_idx) it2) mi) t) ci) n) it1)) */
"SELECT MIN(mi.info) AS movie_budget, MIN(mi_idx.info) AS movie_votes, MIN(n.name) AS writer, MIN(t.title) AS complete_violent_movie
FROM sampled_complete_cast_1 AS cc,
    sampled_comp_cast_type_1 AS cct1,
    sampled_comp_cast_type_1 AS cct2,
    sampled_cast_info_1 AS ci,
    sampled_info_type_1 AS it1,
    sampled_info_type_1 AS it2,
    sampled_keyword_1 AS k,
    sampled_movie_info_1 AS mi,
    sampled_movie_info_idx_1 AS mi_idx,
    sampled_movie_keyword_1 AS mk,
    sampled_name_1 AS n,
    sampled_title_1 AS t
WHERE t.id = mi.movie_id
AND t.id = mi_idx.movie_id
AND t.id = ci.movie_id
AND t.id = mk.movie_id
AND t.id = cc.movie_id
AND ci.movie_id = mi.movie_id
AND ci.movie_id = mi_idx.movie_id
AND ci.movie_id = mk.movie_id
AND ci.movie_id = cc.movie_id
AND mi.movie_id = mi_idx.movie_id
AND mi.movie_id = mk.movie_id
AND mi.movie_id = cc.movie_id
AND mi_idx.movie_id = mk.movie_id
AND mi_idx.movie_id = cc.movie_id
AND mk.movie_id = cc.movie_id
AND n.id = ci.person_id
AND it1.id = mi.info_type_id
AND it2.id = mi_idx.info_type_id
AND k.id = mk.keyword_id
AND cct1.id = cc.subject_id
AND cct2.id = cc.status_id
AND cct1.kind IN ('cast', 'cast', 'cast', 'cast', 'cast')
AND cct2.kind = 'complete'
AND ci.note IN ('(creator)', '(creator)', '(creator)', '(creator)', '(creator)')
AND it1.info = 'countries'
AND it2.info = 'votes distribution'
AND k.keyword IN ('based-on-play', 'based-on-play', 'number-in-title', 'based-on-play', 'based-on-play')
AND mi.info IN ('OFM:35 mm', 'PFM:35 mm', 'USA', 'PFM:35 mm', 'PFM:35 mm')
AND n.gender = 'm'
AND t.production_year > 1981;",101,/*+  SeqScan(k) IndexScan(mk keyword_id_movie_keyword_1) SeqScan(cc) SeqScan(cct2) SeqScan(cct1) IndexScan(mi_idx movie_id_movie_info_idx_1) SeqScan(it2) IndexScan(mi movie_id_movie_info_1) IndexScan(t sampled_title_1_pkey) IndexScan(ci movie_id_cast_info_1) IndexScan(n sampled_name_1_pkey) SeqScan(it1) NestLoop(k mk) HashJoin(cc cct2) HashJoin(cc cct2 cct1) HashJoin(k mk cc cct2 cct1) NestLoop(k mk cc cct2 cct1 mi_idx) HashJoin(k mk cc cct2 cct1 mi_idx it2) NestLoop(k mk cc cct2 cct1 mi_idx it2 mi) NestLoop(k mk cc cct2 cct1 mi_idx it2 mi t) NestLoop(k mk cc cct2 cct1 mi_idx it2 mi t ci) NestLoop(k mk cc cct2 cct1 mi_idx it2 mi t ci n) HashJoin(k mk cc cct2 cct1 mi_idx it2 mi t ci n it1) Leading((((((((((k mk) ((cc cct2) cct1)) mi_idx) it2) mi) t) ci) n) it1)) */
"SELECT MIN(mi.info) AS movie_budget, MIN(mi_idx.info) AS movie_votes, MIN(n.name) AS writer, MIN(t.title) AS complete_violent_movie
FROM sampled_complete_cast_1 AS cc,
    sampled_comp_cast_type_1 AS cct1,
    sampled_comp_cast_type_1 AS cct2,
    sampled_cast_info_1 AS ci,
    sampled_info_type_1 AS it1,
    sampled_info_type_1 AS it2,
    sampled_keyword_1 AS k,
    sampled_movie_info_1 AS mi,
    sampled_movie_info_idx_1 AS mi_idx,
    sampled_movie_keyword_1 AS mk,
    sampled_name_1 AS n,
    sampled_title_1 AS t
WHERE t.id = mi.movie_id
AND t.id = mi_idx.movie_id
AND t.id = ci.movie_id
AND t.id = mk.movie_id
AND t.id = cc.movie_id
AND ci.movie_id = mi.movie_id
AND ci.movie_id = mi_idx.movie_id
AND ci.movie_id = mk.movie_id
AND ci.movie_id = cc.movie_id
AND mi.movie_id = mi_idx.movie_id
AND mi.movie_id = mk.movie_id
AND mi.movie_id = cc.movie_id
AND mi_idx.movie_id = mk.movie_id
AND mi_idx.movie_id = cc.movie_id
AND mk.movie_id = cc.movie_id
AND n.id = ci.person_id
AND it1.id = mi.info_type_id
AND it2.id = mi_idx.info_type_id
AND k.id = mk.keyword_id
AND cct1.id = cc.subject_id
AND cct2.id = cc.status_id
AND cct1.kind IN ('cast', 'cast', 'cast', 'cast', 'cast')
AND cct2.kind = 'complete'
AND ci.note IN ('(producer)', '(executive producer)', '(executive producer)', '(uncredited)', '(uncredited)')
AND it1.info = 'genres'
AND it2.info = 'votes distribution'
AND k.keyword IN ('dog', 'friendship', 'sequel', 'two-word-title', 'one-word-title')
AND mi.info IN ('Comedy', 'Drama', 'Drama', 'Drama', 'Comedy')
AND n.gender = 'm'
AND t.production_year > 1979;",101,/*+  SeqScan(k) IndexScan(mk keyword_id_movie_keyword_1) SeqScan(cc) SeqScan(cct2) SeqScan(cct1) IndexScan(mi_idx movie_id_movie_info_idx_1) SeqScan(it2) IndexScan(mi movie_id_movie_info_1) IndexScan(t sampled_title_1_pkey) IndexScan(ci movie_id_cast_info_1) IndexScan(n sampled_name_1_pkey) SeqScan(it1) NestLoop(k mk) HashJoin(cc cct2) HashJoin(cc cct2 cct1) HashJoin(k mk cc cct2 cct1) NestLoop(k mk cc cct2 cct1 mi_idx) HashJoin(k mk cc cct2 cct1 mi_idx it2) NestLoop(k mk cc cct2 cct1 mi_idx it2 mi) NestLoop(k mk cc cct2 cct1 mi_idx it2 mi t) NestLoop(k mk cc cct2 cct1 mi_idx it2 mi t ci) NestLoop(k mk cc cct2 cct1 mi_idx it2 mi t ci n) HashJoin(k mk cc cct2 cct1 mi_idx it2 mi t ci n it1) Leading((((((((((k mk) ((cc cct2) cct1)) mi_idx) it2) mi) t) ci) n) it1)) */
"SELECT MIN(mi.info) AS movie_budget, MIN(mi_idx.info) AS movie_votes, MIN(n.name) AS writer, MIN(t.title) AS complete_violent_movie
FROM sampled_complete_cast_1 AS cc,
    sampled_comp_cast_type_1 AS cct1,
    sampled_comp_cast_type_1 AS cct2,
    sampled_cast_info_1 AS ci,
    sampled_info_type_1 AS it1,
    sampled_info_type_1 AS it2,
    sampled_keyword_1 AS k,
    sampled_movie_info_1 AS mi,
    sampled_movie_info_idx_1 AS mi_idx,
    sampled_movie_keyword_1 AS mk,
    sampled_name_1 AS n,
    sampled_title_1 AS t
WHERE t.id = mi.movie_id
AND t.id = mi_idx.movie_id
AND t.id = ci.movie_id
AND t.id = mk.movie_id
AND t.id = cc.movie_id
AND ci.movie_id = mi.movie_id
AND ci.movie_id = mi_idx.movie_id
AND ci.movie_id = mk.movie_id
AND ci.movie_id = cc.movie_id
AND mi.movie_id = mi_idx.movie_id
AND mi.movie_id = mk.movie_id
AND mi.movie_id = cc.movie_id
AND mi_idx.movie_id = mk.movie_id
AND mi_idx.movie_id = cc.movie_id
AND mk.movie_id = cc.movie_id
AND n.id = ci.person_id
AND it1.id = mi.info_type_id
AND it2.id = mi_idx.info_type_id
AND k.id = mk.keyword_id
AND cct1.id = cc.subject_id
AND cct2.id = cc.status_id
AND cct1.kind IN ('crew', 'crew', 'crew', 'crew', 'crew')
AND cct2.kind = 'complete'
AND ci.note IN ('(executive producer)', '(executive producer)', '(executive producer)', '(executive producer)', '(executive producer)')
AND it1.info = 'genres'
AND it2.info = 'votes'
AND k.keyword IN ('sex', 'sex', 'sex', 'sex', 'sex')
AND mi.info IN ('Drama', 'Comedy', 'Drama', 'Drama', 'Drama')
AND n.gender = 'm'
AND t.production_year > 1984;",101,/*+  SeqScan(k) IndexScan(mk keyword_id_movie_keyword_1) SeqScan(cc) SeqScan(cct2) SeqScan(cct1) IndexScan(mi_idx movie_id_movie_info_idx_1) SeqScan(it2) IndexScan(mi movie_id_movie_info_1) IndexScan(t sampled_title_1_pkey) IndexScan(ci movie_id_cast_info_1) IndexScan(n sampled_name_1_pkey) SeqScan(it1) NestLoop(k mk) HashJoin(cc cct2) HashJoin(cc cct2 cct1) HashJoin(k mk cc cct2 cct1) NestLoop(k mk cc cct2 cct1 mi_idx) HashJoin(k mk cc cct2 cct1 mi_idx it2) NestLoop(k mk cc cct2 cct1 mi_idx it2 mi) NestLoop(k mk cc cct2 cct1 mi_idx it2 mi t) NestLoop(k mk cc cct2 cct1 mi_idx it2 mi t ci) NestLoop(k mk cc cct2 cct1 mi_idx it2 mi t ci n) HashJoin(k mk cc cct2 cct1 mi_idx it2 mi t ci n it1) Leading((((((((((k mk) ((cc cct2) cct1)) mi_idx) it2) mi) t) ci) n) it1)) */
"SELECT MIN(mi.info) AS movie_budget, MIN(mi_idx.info) AS movie_votes, MIN(n.name) AS writer, MIN(t.title) AS complete_violent_movie
FROM sampled_complete_cast_1 AS cc,
    sampled_comp_cast_type_1 AS cct1,
    sampled_comp_cast_type_1 AS cct2,
    sampled_cast_info_1 AS ci,
    sampled_info_type_1 AS it1,
    sampled_info_type_1 AS it2,
    sampled_keyword_1 AS k,
    sampled_movie_info_1 AS mi,
    sampled_movie_info_idx_1 AS mi_idx,
    sampled_movie_keyword_1 AS mk,
    sampled_name_1 AS n,
    sampled_title_1 AS t
WHERE t.id = mi.movie_id
AND t.id = mi_idx.movie_id
AND t.id = ci.movie_id
AND t.id = mk.movie_id
AND t.id = cc.movie_id
AND ci.movie_id = mi.movie_id
AND ci.movie_id = mi_idx.movie_id
AND ci.movie_id = mk.movie_id
AND ci.movie_id = cc.movie_id
AND mi.movie_id = mi_idx.movie_id
AND mi.movie_id = mk.movie_id
AND mi.movie_id = cc.movie_id
AND mi_idx.movie_id = mk.movie_id
AND mi_idx.movie_id = cc.movie_id
AND mk.movie_id = cc.movie_id
AND n.id = ci.person_id
AND it1.id = mi.info_type_id
AND it2.id = mi_idx.info_type_id
AND k.id = mk.keyword_id
AND cct1.id = cc.subject_id
AND cct2.id = cc.status_id
AND cct1.kind IN ('cast', 'cast', 'cast', 'cast', 'cast')
AND cct2.kind = 'complete+verified'
AND ci.note IN ('(voice)', '(story editor)', '(writer)', '(written by)', '(script supervisor)')
AND it1.info = 'genres'
AND it2.info = 'votes distribution'
AND k.keyword IN ('based-on-novel', 'based-on-novel', 'based-on-novel', 'based-on-novel', 'based-on-novel')
AND mi.info IN ('Australia:M', 'RAT:1.33 : 1', '2', 'Horror', 'UK')
AND n.gender = 'm'
AND t.production_year > 1989;",101,/*+  SeqScan(k) IndexScan(mk keyword_id_movie_keyword_1) SeqScan(cc) SeqScan(cct2) SeqScan(cct1) IndexScan(mi_idx movie_id_movie_info_idx_1) SeqScan(it2) IndexScan(mi movie_id_movie_info_1) IndexScan(t sampled_title_1_pkey) IndexScan(ci movie_id_cast_info_1) IndexScan(n sampled_name_1_pkey) SeqScan(it1) NestLoop(k mk) HashJoin(cc cct2) HashJoin(cc cct2 cct1) HashJoin(k mk cc cct2 cct1) NestLoop(k mk cc cct2 cct1 mi_idx) HashJoin(k mk cc cct2 cct1 mi_idx it2) NestLoop(k mk cc cct2 cct1 mi_idx it2 mi) NestLoop(k mk cc cct2 cct1 mi_idx it2 mi t) NestLoop(k mk cc cct2 cct1 mi_idx it2 mi t ci) NestLoop(k mk cc cct2 cct1 mi_idx it2 mi t ci n) HashJoin(k mk cc cct2 cct1 mi_idx it2 mi t ci n it1) Leading((((((((((k mk) ((cc cct2) cct1)) mi_idx) it2) mi) t) ci) n) it1)) */
"SELECT MIN(mi.info) AS movie_budget, MIN(mi_idx.info) AS movie_votes, MIN(n.name) AS writer, MIN(t.title) AS complete_violent_movie
FROM sampled_complete_cast_1 AS cc,
    sampled_comp_cast_type_1 AS cct1,
    sampled_comp_cast_type_1 AS cct2,
    sampled_cast_info_1 AS ci,
    sampled_info_type_1 AS it1,
    sampled_info_type_1 AS it2,
    sampled_keyword_1 AS k,
    sampled_movie_info_1 AS mi,
    sampled_movie_info_idx_1 AS mi_idx,
    sampled_movie_keyword_1 AS mk,
    sampled_name_1 AS n,
    sampled_title_1 AS t
WHERE t.id = mi.movie_id
AND t.id = mi_idx.movie_id
AND t.id = ci.movie_id
AND t.id = mk.movie_id
AND t.id = cc.movie_id
AND ci.movie_id = mi.movie_id
AND ci.movie_id = mi_idx.movie_id
AND ci.movie_id = mk.movie_id
AND ci.movie_id = cc.movie_id
AND mi.movie_id = mi_idx.movie_id
AND mi.movie_id = mk.movie_id
AND mi.movie_id = cc.movie_id
AND mi_idx.movie_id = mk.movie_id
AND mi_idx.movie_id = cc.movie_id
AND mk.movie_id = cc.movie_id
AND n.id = ci.person_id
AND it1.id = mi.info_type_id
AND it2.id = mi_idx.info_type_id
AND k.id = mk.keyword_id
AND cct1.id = cc.subject_id
AND cct2.id = cc.status_id
AND cct1.kind IN ('cast', 'cast', 'cast', 'cast', 'cast')
AND cct2.kind = 'complete'
AND ci.note IN ('(written by)', '(written by)', '(written by)', '(voice)', '(voice)')
AND it1.info = 'countries'
AND it2.info = 'rating'
AND k.keyword IN ('based-on-novel', 'based-on-novel', 'based-on-novel', 'based-on-novel', 'based-on-novel')
AND mi.info IN ('Film', 'NTSC', '12', 'UK', 'USA:R')
AND n.gender = 'm'
AND t.production_year > 1984;",101,/*+  SeqScan(k) IndexScan(mk keyword_id_movie_keyword_1) SeqScan(cc) SeqScan(cct2) SeqScan(cct1) IndexScan(mi_idx movie_id_movie_info_idx_1) SeqScan(it2) IndexScan(mi movie_id_movie_info_1) IndexScan(t sampled_title_1_pkey) IndexScan(ci movie_id_cast_info_1) IndexScan(n sampled_name_1_pkey) SeqScan(it1) NestLoop(k mk) HashJoin(cc cct2) HashJoin(cc cct2 cct1) HashJoin(k mk cc cct2 cct1) NestLoop(k mk cc cct2 cct1 mi_idx) HashJoin(k mk cc cct2 cct1 mi_idx it2) NestLoop(k mk cc cct2 cct1 mi_idx it2 mi) NestLoop(k mk cc cct2 cct1 mi_idx it2 mi t) NestLoop(k mk cc cct2 cct1 mi_idx it2 mi t ci) NestLoop(k mk cc cct2 cct1 mi_idx it2 mi t ci n) HashJoin(k mk cc cct2 cct1 mi_idx it2 mi t ci n it1) Leading((((((((((k mk) ((cc cct2) cct1)) mi_idx) it2) mi) t) ci) n) it1)) */
"SELECT MIN(mi.info) AS movie_budget, MIN(mi_idx.info) AS movie_votes, MIN(n.name) AS writer, MIN(t.title) AS complete_violent_movie
FROM sampled_complete_cast_1 AS cc,
    sampled_comp_cast_type_1 AS cct1,
    sampled_comp_cast_type_1 AS cct2,
    sampled_cast_info_1 AS ci,
    sampled_info_type_1 AS it1,
    sampled_info_type_1 AS it2,
    sampled_keyword_1 AS k,
    sampled_movie_info_1 AS mi,
    sampled_movie_info_idx_1 AS mi_idx,
    sampled_movie_keyword_1 AS mk,
    sampled_name_1 AS n,
    sampled_title_1 AS t
WHERE t.id = mi.movie_id
AND t.id = mi_idx.movie_id
AND t.id = ci.movie_id
AND t.id = mk.movie_id
AND t.id = cc.movie_id
AND ci.movie_id = mi.movie_id
AND ci.movie_id = mi_idx.movie_id
AND ci.movie_id = mk.movie_id
AND ci.movie_id = cc.movie_id
AND mi.movie_id = mi_idx.movie_id
AND mi.movie_id = mk.movie_id
AND mi.movie_id = cc.movie_id
AND mi_idx.movie_id = mk.movie_id
AND mi_idx.movie_id = cc.movie_id
AND mk.movie_id = cc.movie_id
AND n.id = ci.person_id
AND it1.id = mi.info_type_id
AND it2.id = mi_idx.info_type_id
AND k.id = mk.keyword_id
AND cct1.id = cc.subject_id
AND cct2.id = cc.status_id
AND cct1.kind IN ('crew', 'crew', 'crew', 'crew', 'crew')
AND cct2.kind = 'complete'
AND ci.note IN ('(uncredited)', '(producer)', '(uncredited)', '(producer)', '(uncredited)')
AND it1.info = 'genres'
AND it2.info = 'votes distribution'
AND k.keyword IN ('based-on-novel', 'based-on-novel', 'based-on-novel', 'based-on-novel', 'based-on-novel')
AND mi.info IN ('Comedy', 'Drama', 'Comedy', 'Comedy', 'Drama')
AND n.gender = 'm'
AND t.production_year > 1992;",101,/*+  SeqScan(k) IndexScan(mk keyword_id_movie_keyword_1) SeqScan(cc) SeqScan(cct2) SeqScan(cct1) IndexScan(mi_idx movie_id_movie_info_idx_1) SeqScan(it2) IndexScan(mi movie_id_movie_info_1) IndexScan(t sampled_title_1_pkey) IndexScan(ci movie_id_cast_info_1) IndexScan(n sampled_name_1_pkey) SeqScan(it1) NestLoop(k mk) HashJoin(cc cct2) HashJoin(cc cct2 cct1) HashJoin(k mk cc cct2 cct1) NestLoop(k mk cc cct2 cct1 mi_idx) HashJoin(k mk cc cct2 cct1 mi_idx it2) NestLoop(k mk cc cct2 cct1 mi_idx it2 mi) NestLoop(k mk cc cct2 cct1 mi_idx it2 mi t) NestLoop(k mk cc cct2 cct1 mi_idx it2 mi t ci) NestLoop(k mk cc cct2 cct1 mi_idx it2 mi t ci n) HashJoin(k mk cc cct2 cct1 mi_idx it2 mi t ci n it1) Leading((((((((((k mk) ((cc cct2) cct1)) mi_idx) it2) mi) t) ci) n) it1)) */
"SELECT MIN(mi.info) AS movie_budget, MIN(mi_idx.info) AS movie_votes, MIN(n.name) AS writer, MIN(t.title) AS complete_violent_movie
FROM sampled_complete_cast_1 AS cc,
    sampled_comp_cast_type_1 AS cct1,
    sampled_comp_cast_type_1 AS cct2,
    sampled_cast_info_1 AS ci,
    sampled_info_type_1 AS it1,
    sampled_info_type_1 AS it2,
    sampled_keyword_1 AS k,
    sampled_movie_info_1 AS mi,
    sampled_movie_info_idx_1 AS mi_idx,
    sampled_movie_keyword_1 AS mk,
    sampled_name_1 AS n,
    sampled_title_1 AS t
WHERE t.id = mi.movie_id
AND t.id = mi_idx.movie_id
AND t.id = ci.movie_id
AND t.id = mk.movie_id
AND t.id = cc.movie_id
AND ci.movie_id = mi.movie_id
AND ci.movie_id = mi_idx.movie_id
AND ci.movie_id = mk.movie_id
AND ci.movie_id = cc.movie_id
AND mi.movie_id = mi_idx.movie_id
AND mi.movie_id = mk.movie_id
AND mi.movie_id = cc.movie_id
AND mi_idx.movie_id = mk.movie_id
AND mi_idx.movie_id = cc.movie_id
AND mk.movie_id = cc.movie_id
AND n.id = ci.person_id
AND it1.id = mi.info_type_id
AND it2.id = mi_idx.info_type_id
AND k.id = mk.keyword_id
AND cct1.id = cc.subject_id
AND cct2.id = cc.status_id
AND cct1.kind IN ('cast', 'cast', 'cast', 'cast', 'cast')
AND cct2.kind = 'complete+verified'
AND ci.note IN ('(production coordinator)', '(story)', '(script supervisor)', '(screenplay)', '(production coordinator)')
AND it1.info = 'countries'
AND it2.info = 'votes'
AND k.keyword IN ('nudity', 'nudity', 'nudity', 'based-on-play', 'nudity')
AND mi.info IN ('USA', 'PFM:35 mm', 'RAT:1.33 : 1', 'Short', 'NTSC')
AND n.gender = 'm'
AND t.production_year > 1970;",101,/*+  SeqScan(k) IndexScan(mk keyword_id_movie_keyword_1) SeqScan(cc) SeqScan(cct2) SeqScan(cct1) IndexScan(mi_idx movie_id_movie_info_idx_1) SeqScan(it2) IndexScan(mi movie_id_movie_info_1) IndexScan(t sampled_title_1_pkey) IndexScan(ci movie_id_cast_info_1) IndexScan(n sampled_name_1_pkey) SeqScan(it1) NestLoop(k mk) HashJoin(cc cct2) HashJoin(cc cct2 cct1) HashJoin(k mk cc cct2 cct1) NestLoop(k mk cc cct2 cct1 mi_idx) HashJoin(k mk cc cct2 cct1 mi_idx it2) NestLoop(k mk cc cct2 cct1 mi_idx it2 mi) NestLoop(k mk cc cct2 cct1 mi_idx it2 mi t) NestLoop(k mk cc cct2 cct1 mi_idx it2 mi t ci) NestLoop(k mk cc cct2 cct1 mi_idx it2 mi t ci n) HashJoin(k mk cc cct2 cct1 mi_idx it2 mi t ci n it1) Leading((((((((((k mk) ((cc cct2) cct1)) mi_idx) it2) mi) t) ci) n) it1)) */
"SELECT MIN(mi.info) AS movie_budget, MIN(mi_idx.info) AS movie_votes, MIN(n.name) AS writer, MIN(t.title) AS complete_violent_movie
FROM sampled_complete_cast_1 AS cc,
    sampled_comp_cast_type_1 AS cct1,
    sampled_comp_cast_type_1 AS cct2,
    sampled_cast_info_1 AS ci,
    sampled_info_type_1 AS it1,
    sampled_info_type_1 AS it2,
    sampled_keyword_1 AS k,
    sampled_movie_info_1 AS mi,
    sampled_movie_info_idx_1 AS mi_idx,
    sampled_movie_keyword_1 AS mk,
    sampled_name_1 AS n,
    sampled_title_1 AS t
WHERE t.id = mi.movie_id
AND t.id = mi_idx.movie_id
AND t.id = ci.movie_id
AND t.id = mk.movie_id
AND t.id = cc.movie_id
AND ci.movie_id = mi.movie_id
AND ci.movie_id = mi_idx.movie_id
AND ci.movie_id = mk.movie_id
AND ci.movie_id = cc.movie_id
AND mi.movie_id = mi_idx.movie_id
AND mi.movie_id = mk.movie_id
AND mi.movie_id = cc.movie_id
AND mi_idx.movie_id = mk.movie_id
AND mi_idx.movie_id = cc.movie_id
AND mk.movie_id = cc.movie_id
AND n.id = ci.person_id
AND it1.id = mi.info_type_id
AND it2.id = mi_idx.info_type_id
AND k.id = mk.keyword_id
AND cct1.id = cc.subject_id
AND cct2.id = cc.status_id
AND cct1.kind IN ('cast', 'cast', 'cast', 'cast', 'cast')
AND cct2.kind = 'complete'
AND ci.note IN ('(executive producer)', '(executive producer)', '(uncredited)', '(executive producer)', '(executive producer)')
AND it1.info = 'genres'
AND it2.info = 'rating'
AND k.keyword IN ('based-on-play', 'number-in-title', 'based-on-play', 'nudity', 'nudity')
AND mi.info IN ('RAT:1.85 : 1', 'Pan & Scan', 'Pan & Scan', 'Horror', '2')
AND n.gender = 'm'
AND t.production_year > 1986;",101,/*+  SeqScan(k) IndexScan(mk keyword_id_movie_keyword_1) SeqScan(cc) SeqScan(cct2) SeqScan(cct1) IndexScan(mi_idx movie_id_movie_info_idx_1) SeqScan(it2) IndexScan(mi movie_id_movie_info_1) IndexScan(t sampled_title_1_pkey) IndexScan(ci movie_id_cast_info_1) IndexScan(n sampled_name_1_pkey) SeqScan(it1) NestLoop(k mk) HashJoin(cc cct2) HashJoin(cc cct2 cct1) HashJoin(k mk cc cct2 cct1) NestLoop(k mk cc cct2 cct1 mi_idx) HashJoin(k mk cc cct2 cct1 mi_idx it2) NestLoop(k mk cc cct2 cct1 mi_idx it2 mi) NestLoop(k mk cc cct2 cct1 mi_idx it2 mi t) NestLoop(k mk cc cct2 cct1 mi_idx it2 mi t ci) NestLoop(k mk cc cct2 cct1 mi_idx it2 mi t ci n) HashJoin(k mk cc cct2 cct1 mi_idx it2 mi t ci n it1) Leading((((((((((k mk) ((cc cct2) cct1)) mi_idx) it2) mi) t) ci) n) it1)) */
"SELECT MIN(mi.info) AS movie_budget, MIN(mi_idx.info) AS movie_votes, MIN(n.name) AS writer, MIN(t.title) AS complete_violent_movie
FROM sampled_complete_cast_1 AS cc,
    sampled_comp_cast_type_1 AS cct1,
    sampled_comp_cast_type_1 AS cct2,
    sampled_cast_info_1 AS ci,
    sampled_info_type_1 AS it1,
    sampled_info_type_1 AS it2,
    sampled_keyword_1 AS k,
    sampled_movie_info_1 AS mi,
    sampled_movie_info_idx_1 AS mi_idx,
    sampled_movie_keyword_1 AS mk,
    sampled_name_1 AS n,
    sampled_title_1 AS t
WHERE t.id = mi.movie_id
AND t.id = mi_idx.movie_id
AND t.id = ci.movie_id
AND t.id = mk.movie_id
AND t.id = cc.movie_id
AND ci.movie_id = mi.movie_id
AND ci.movie_id = mi_idx.movie_id
AND ci.movie_id = mk.movie_id
AND ci.movie_id = cc.movie_id
AND mi.movie_id = mi_idx.movie_id
AND mi.movie_id = mk.movie_id
AND mi.movie_id = cc.movie_id
AND mi_idx.movie_id = mk.movie_id
AND mi_idx.movie_id = cc.movie_id
AND mk.movie_id = cc.movie_id
AND n.id = ci.person_id
AND it1.id = mi.info_type_id
AND it2.id = mi_idx.info_type_id
AND k.id = mk.keyword_id
AND cct1.id = cc.subject_id
AND cct2.id = cc.status_id
AND cct1.kind IN ('crew', 'crew', 'crew', 'crew', 'crew')
AND cct2.kind = 'complete'
AND ci.note IN ('(credit only)', '(executive script consultant)', '(voice) (as David Ogden Steers)', '(uncredited)', '(producer)')
AND it1.info = 'genres'
AND it2.info = 'rating'
AND k.keyword IN ('child-runs-household', 'parisian-suburbs', 'post-script', 'reference-to-joan-of-arc', 'sanrio')
AND mi.info IN ('Color', 'Color', 'Mono', 'Drama', 'Color')
AND n.gender = 'm'
AND t.production_year > 1982;",101,/*+  SeqScan(k) IndexScan(mk keyword_id_movie_keyword_1) SeqScan(cc) SeqScan(cct2) SeqScan(cct1) IndexScan(mi_idx movie_id_movie_info_idx_1) SeqScan(it2) IndexScan(mi movie_id_movie_info_1) IndexScan(t sampled_title_1_pkey) IndexScan(ci movie_id_cast_info_1) IndexScan(n sampled_name_1_pkey) SeqScan(it1) NestLoop(k mk) HashJoin(cc cct2) HashJoin(cc cct2 cct1) HashJoin(k mk cc cct2 cct1) NestLoop(k mk cc cct2 cct1 mi_idx) HashJoin(k mk cc cct2 cct1 mi_idx it2) NestLoop(k mk cc cct2 cct1 mi_idx it2 mi) NestLoop(k mk cc cct2 cct1 mi_idx it2 mi t) NestLoop(k mk cc cct2 cct1 mi_idx it2 mi t ci) NestLoop(k mk cc cct2 cct1 mi_idx it2 mi t ci n) HashJoin(k mk cc cct2 cct1 mi_idx it2 mi t ci n it1) Leading((((((((((k mk) ((cc cct2) cct1)) mi_idx) it2) mi) t) ci) n) it1)) */
"SELECT MIN(mi.info) AS movie_budget, MIN(mi_idx.info) AS movie_votes, MIN(n.name) AS writer, MIN(t.title) AS complete_violent_movie
FROM sampled_complete_cast_1 AS cc,
    sampled_comp_cast_type_1 AS cct1,
    sampled_comp_cast_type_1 AS cct2,
    sampled_cast_info_1 AS ci,
    sampled_info_type_1 AS it1,
    sampled_info_type_1 AS it2,
    sampled_keyword_1 AS k,
    sampled_movie_info_1 AS mi,
    sampled_movie_info_idx_1 AS mi_idx,
    sampled_movie_keyword_1 AS mk,
    sampled_name_1 AS n,
    sampled_title_1 AS t
WHERE t.id = mi.movie_id
AND t.id = mi_idx.movie_id
AND t.id = ci.movie_id
AND t.id = mk.movie_id
AND t.id = cc.movie_id
AND ci.movie_id = mi.movie_id
AND ci.movie_id = mi_idx.movie_id
AND ci.movie_id = mk.movie_id
AND ci.movie_id = cc.movie_id
AND mi.movie_id = mi_idx.movie_id
AND mi.movie_id = mk.movie_id
AND mi.movie_id = cc.movie_id
AND mi_idx.movie_id = mk.movie_id
AND mi_idx.movie_id = cc.movie_id
AND mk.movie_id = cc.movie_id
AND n.id = ci.person_id
AND it1.id = mi.info_type_id
AND it2.id = mi_idx.info_type_id
AND k.id = mk.keyword_id
AND cct1.id = cc.subject_id
AND cct2.id = cc.status_id
AND cct1.kind IN ('cast', 'cast', 'cast', 'cast', 'cast')
AND cct2.kind = 'complete'
AND ci.note IN ('(executive producer)', '(executive producer)', '(executive producer)', '(executive producer)', '(executive producer)')
AND it1.info = 'genres'
AND it2.info = 'votes distribution'
AND k.keyword IN ('murder', 'murder', 'murder', 'murder', 'murder')
AND mi.info IN ('Drama', 'Comedy', 'Comedy', 'Comedy', 'Comedy')
AND n.gender = 'm'
AND t.production_year > 1965;",101,/*+  SeqScan(k) IndexScan(mk keyword_id_movie_keyword_1) SeqScan(cc) SeqScan(cct2) SeqScan(cct1) IndexScan(mi_idx movie_id_movie_info_idx_1) SeqScan(it2) IndexScan(mi movie_id_movie_info_1) IndexScan(t sampled_title_1_pkey) IndexScan(ci movie_id_cast_info_1) IndexScan(n sampled_name_1_pkey) SeqScan(it1) NestLoop(k mk) HashJoin(cc cct2) HashJoin(cc cct2 cct1) HashJoin(k mk cc cct2 cct1) NestLoop(k mk cc cct2 cct1 mi_idx) HashJoin(k mk cc cct2 cct1 mi_idx it2) NestLoop(k mk cc cct2 cct1 mi_idx it2 mi) NestLoop(k mk cc cct2 cct1 mi_idx it2 mi t) NestLoop(k mk cc cct2 cct1 mi_idx it2 mi t ci) NestLoop(k mk cc cct2 cct1 mi_idx it2 mi t ci n) HashJoin(k mk cc cct2 cct1 mi_idx it2 mi t ci n it1) Leading((((((((((k mk) ((cc cct2) cct1)) mi_idx) it2) mi) t) ci) n) it1)) */
"SELECT MIN(mi.info) AS movie_budget, MIN(mi_idx.info) AS movie_votes, MIN(n.name) AS writer, MIN(t.title) AS complete_violent_movie
FROM sampled_complete_cast_1 AS cc,
    sampled_comp_cast_type_1 AS cct1,
    sampled_comp_cast_type_1 AS cct2,
    sampled_cast_info_1 AS ci,
    sampled_info_type_1 AS it1,
    sampled_info_type_1 AS it2,
    sampled_keyword_1 AS k,
    sampled_movie_info_1 AS mi,
    sampled_movie_info_idx_1 AS mi_idx,
    sampled_movie_keyword_1 AS mk,
    sampled_name_1 AS n,
    sampled_title_1 AS t
WHERE t.id = mi.movie_id
AND t.id = mi_idx.movie_id
AND t.id = ci.movie_id
AND t.id = mk.movie_id
AND t.id = cc.movie_id
AND ci.movie_id = mi.movie_id
AND ci.movie_id = mi_idx.movie_id
AND ci.movie_id = mk.movie_id
AND ci.movie_id = cc.movie_id
AND mi.movie_id = mi_idx.movie_id
AND mi.movie_id = mk.movie_id
AND mi.movie_id = cc.movie_id
AND mi_idx.movie_id = mk.movie_id
AND mi_idx.movie_id = cc.movie_id
AND mk.movie_id = cc.movie_id
AND n.id = ci.person_id
AND it1.id = mi.info_type_id
AND it2.id = mi_idx.info_type_id
AND k.id = mk.keyword_id
AND cct1.id = cc.subject_id
AND cct2.id = cc.status_id
AND cct1.kind IN ('cast', 'cast', 'cast', 'cast', 'cast')
AND cct2.kind = 'complete'
AND ci.note IN ('(writer)', '(creator)', '(story)', '(voice)', '(story)')
AND it1.info = 'countries'
AND it2.info = 'rating'
AND k.keyword IN ('character-name-in-title', 'independent-film', 'character-name-in-title', 'character-name-in-title', 'character-name-in-title')
AND mi.info IN ('Drama', 'Comedy', 'Comedy', 'USA', 'PFM:35 mm')
AND n.gender = 'm'
AND t.production_year > 1975;",101,/*+  SeqScan(k) IndexScan(mk keyword_id_movie_keyword_1) SeqScan(cc) SeqScan(cct2) SeqScan(cct1) IndexScan(mi_idx movie_id_movie_info_idx_1) SeqScan(it2) IndexScan(mi movie_id_movie_info_1) IndexScan(t sampled_title_1_pkey) IndexScan(ci movie_id_cast_info_1) IndexScan(n sampled_name_1_pkey) SeqScan(it1) NestLoop(k mk) HashJoin(cc cct2) HashJoin(cc cct2 cct1) HashJoin(k mk cc cct2 cct1) NestLoop(k mk cc cct2 cct1 mi_idx) HashJoin(k mk cc cct2 cct1 mi_idx it2) NestLoop(k mk cc cct2 cct1 mi_idx it2 mi) NestLoop(k mk cc cct2 cct1 mi_idx it2 mi t) NestLoop(k mk cc cct2 cct1 mi_idx it2 mi t ci) NestLoop(k mk cc cct2 cct1 mi_idx it2 mi t ci n) HashJoin(k mk cc cct2 cct1 mi_idx it2 mi t ci n it1) Leading((((((((((k mk) ((cc cct2) cct1)) mi_idx) it2) mi) t) ci) n) it1)) */
"SELECT MIN(mi.info) AS movie_budget, MIN(mi_idx.info) AS movie_votes, MIN(n.name) AS writer, MIN(t.title) AS complete_violent_movie
FROM sampled_complete_cast_1 AS cc,
    sampled_comp_cast_type_1 AS cct1,
    sampled_comp_cast_type_1 AS cct2,
    sampled_cast_info_1 AS ci,
    sampled_info_type_1 AS it1,
    sampled_info_type_1 AS it2,
    sampled_keyword_1 AS k,
    sampled_movie_info_1 AS mi,
    sampled_movie_info_idx_1 AS mi_idx,
    sampled_movie_keyword_1 AS mk,
    sampled_name_1 AS n,
    sampled_title_1 AS t
WHERE t.id = mi.movie_id
AND t.id = mi_idx.movie_id
AND t.id = ci.movie_id
AND t.id = mk.movie_id
AND t.id = cc.movie_id
AND ci.movie_id = mi.movie_id
AND ci.movie_id = mi_idx.movie_id
AND ci.movie_id = mk.movie_id
AND ci.movie_id = cc.movie_id
AND mi.movie_id = mi_idx.movie_id
AND mi.movie_id = mk.movie_id
AND mi.movie_id = cc.movie_id
AND mi_idx.movie_id = mk.movie_id
AND mi_idx.movie_id = cc.movie_id
AND mk.movie_id = cc.movie_id
AND n.id = ci.person_id
AND it1.id = mi.info_type_id
AND it2.id = mi_idx.info_type_id
AND k.id = mk.keyword_id
AND cct1.id = cc.subject_id
AND cct2.id = cc.status_id
AND cct1.kind IN ('crew', 'crew', 'crew', 'crew', 'crew')
AND cct2.kind = 'complete+verified'
AND ci.note IN ('(producer)', '(producer)', '(producer)', '(producer)', '(producer)')
AND it1.info = 'genres'
AND it2.info = 'top 250 rank'
AND k.keyword IN ('cult-film', 'family-relationships', 'rape', 'blood', 'martial-arts')
AND mi.info IN ('Comedy', 'Drama', 'Comedy', 'Drama', 'Drama')
AND n.gender = 'm'
AND t.production_year > 1978;",101,/*+  SeqScan(k) IndexScan(mk keyword_id_movie_keyword_1) SeqScan(cc) SeqScan(cct2) SeqScan(cct1) IndexScan(mi_idx movie_id_movie_info_idx_1) SeqScan(it2) IndexScan(mi movie_id_movie_info_1) IndexScan(t sampled_title_1_pkey) IndexScan(ci movie_id_cast_info_1) IndexScan(n sampled_name_1_pkey) SeqScan(it1) NestLoop(k mk) HashJoin(cc cct2) HashJoin(cc cct2 cct1) HashJoin(k mk cc cct2 cct1) NestLoop(k mk cc cct2 cct1 mi_idx) HashJoin(k mk cc cct2 cct1 mi_idx it2) NestLoop(k mk cc cct2 cct1 mi_idx it2 mi) NestLoop(k mk cc cct2 cct1 mi_idx it2 mi t) NestLoop(k mk cc cct2 cct1 mi_idx it2 mi t ci) NestLoop(k mk cc cct2 cct1 mi_idx it2 mi t ci n) HashJoin(k mk cc cct2 cct1 mi_idx it2 mi t ci n it1) Leading((((((((((k mk) ((cc cct2) cct1)) mi_idx) it2) mi) t) ci) n) it1)) */
"SELECT MIN(mi.info) AS movie_budget, MIN(mi_idx.info) AS movie_votes, MIN(n.name) AS writer, MIN(t.title) AS complete_violent_movie
FROM sampled_complete_cast_1 AS cc,
    sampled_comp_cast_type_1 AS cct1,
    sampled_comp_cast_type_1 AS cct2,
    sampled_cast_info_1 AS ci,
    sampled_info_type_1 AS it1,
    sampled_info_type_1 AS it2,
    sampled_keyword_1 AS k,
    sampled_movie_info_1 AS mi,
    sampled_movie_info_idx_1 AS mi_idx,
    sampled_movie_keyword_1 AS mk,
    sampled_name_1 AS n,
    sampled_title_1 AS t
WHERE t.id = mi.movie_id
AND t.id = mi_idx.movie_id
AND t.id = ci.movie_id
AND t.id = mk.movie_id
AND t.id = cc.movie_id
AND ci.movie_id = mi.movie_id
AND ci.movie_id = mi_idx.movie_id
AND ci.movie_id = mk.movie_id
AND ci.movie_id = cc.movie_id
AND mi.movie_id = mi_idx.movie_id
AND mi.movie_id = mk.movie_id
AND mi.movie_id = cc.movie_id
AND mi_idx.movie_id = mk.movie_id
AND mi_idx.movie_id = cc.movie_id
AND mk.movie_id = cc.movie_id
AND n.id = ci.person_id
AND it1.id = mi.info_type_id
AND it2.id = mi_idx.info_type_id
AND k.id = mk.keyword_id
AND cct1.id = cc.subject_id
AND cct2.id = cc.status_id
AND cct1.kind IN ('cast', 'cast', 'cast', 'cast', 'cast')
AND cct2.kind = 'complete'
AND ci.note IN ('(creator)', '(written by)', '(creator)', '(written by)', '(creator)')
AND it1.info = 'countries'
AND it2.info = 'votes'
AND k.keyword IN ('female-nudity', 'female-nudity', 'female-nudity', 'female-nudity', 'female-nudity')
AND mi.info IN ('-', 'English', '-', 'English', 'USA')
AND n.gender = 'm'
AND t.production_year > 1980;",101,/*+  SeqScan(k) IndexScan(mk keyword_id_movie_keyword_1) SeqScan(cc) SeqScan(cct2) SeqScan(cct1) IndexScan(mi_idx movie_id_movie_info_idx_1) SeqScan(it2) IndexScan(mi movie_id_movie_info_1) IndexScan(t sampled_title_1_pkey) IndexScan(ci movie_id_cast_info_1) IndexScan(n sampled_name_1_pkey) SeqScan(it1) NestLoop(k mk) HashJoin(cc cct2) HashJoin(cc cct2 cct1) HashJoin(k mk cc cct2 cct1) NestLoop(k mk cc cct2 cct1 mi_idx) HashJoin(k mk cc cct2 cct1 mi_idx it2) NestLoop(k mk cc cct2 cct1 mi_idx it2 mi) NestLoop(k mk cc cct2 cct1 mi_idx it2 mi t) NestLoop(k mk cc cct2 cct1 mi_idx it2 mi t ci) NestLoop(k mk cc cct2 cct1 mi_idx it2 mi t ci n) HashJoin(k mk cc cct2 cct1 mi_idx it2 mi t ci n it1) Leading((((((((((k mk) ((cc cct2) cct1)) mi_idx) it2) mi) t) ci) n) it1)) */
"SELECT MIN(mi.info) AS movie_budget, MIN(mi_idx.info) AS movie_votes, MIN(n.name) AS writer, MIN(t.title) AS complete_violent_movie
FROM sampled_complete_cast_1 AS cc,
    sampled_comp_cast_type_1 AS cct1,
    sampled_comp_cast_type_1 AS cct2,
    sampled_cast_info_1 AS ci,
    sampled_info_type_1 AS it1,
    sampled_info_type_1 AS it2,
    sampled_keyword_1 AS k,
    sampled_movie_info_1 AS mi,
    sampled_movie_info_idx_1 AS mi_idx,
    sampled_movie_keyword_1 AS mk,
    sampled_name_1 AS n,
    sampled_title_1 AS t
WHERE t.id = mi.movie_id
AND t.id = mi_idx.movie_id
AND t.id = ci.movie_id
AND t.id = mk.movie_id
AND t.id = cc.movie_id
AND ci.movie_id = mi.movie_id
AND ci.movie_id = mi_idx.movie_id
AND ci.movie_id = mk.movie_id
AND ci.movie_id = cc.movie_id
AND mi.movie_id = mi_idx.movie_id
AND mi.movie_id = mk.movie_id
AND mi.movie_id = cc.movie_id
AND mi_idx.movie_id = mk.movie_id
AND mi_idx.movie_id = cc.movie_id
AND mk.movie_id = cc.movie_id
AND n.id = ci.person_id
AND it1.id = mi.info_type_id
AND it2.id = mi_idx.info_type_id
AND k.id = mk.keyword_id
AND cct1.id = cc.subject_id
AND cct2.id = cc.status_id
AND cct1.kind IN ('crew', 'crew', 'crew', 'crew', 'crew')
AND cct2.kind = 'complete'
AND ci.note IN ('(writer)', '(writer)', '(associate producer)', '(associate producer)', '(writer)')
AND it1.info = 'countries'
AND it2.info = 'votes distribution'
AND k.keyword IN ('based-on-novel', 'based-on-novel', 'based-on-novel', 'based-on-novel', 'based-on-novel')
AND mi.info IN ('USA', 'Color', 'RAT:1.33 : 1', 'OFM:35 mm', 'PFM:35 mm')
AND n.gender = 'm'
AND t.production_year > 1964;",101,/*+  SeqScan(k) IndexScan(mk keyword_id_movie_keyword_1) SeqScan(cc) SeqScan(cct2) SeqScan(cct1) IndexScan(mi_idx movie_id_movie_info_idx_1) SeqScan(it2) IndexScan(mi movie_id_movie_info_1) IndexScan(t sampled_title_1_pkey) IndexScan(ci movie_id_cast_info_1) IndexScan(n sampled_name_1_pkey) SeqScan(it1) NestLoop(k mk) HashJoin(cc cct2) HashJoin(cc cct2 cct1) HashJoin(k mk cc cct2 cct1) NestLoop(k mk cc cct2 cct1 mi_idx) HashJoin(k mk cc cct2 cct1 mi_idx it2) NestLoop(k mk cc cct2 cct1 mi_idx it2 mi) NestLoop(k mk cc cct2 cct1 mi_idx it2 mi t) NestLoop(k mk cc cct2 cct1 mi_idx it2 mi t ci) NestLoop(k mk cc cct2 cct1 mi_idx it2 mi t ci n) HashJoin(k mk cc cct2 cct1 mi_idx it2 mi t ci n it1) Leading((((((((((k mk) ((cc cct2) cct1)) mi_idx) it2) mi) t) ci) n) it1)) */
"SELECT MIN(mi.info) AS movie_budget, MIN(mi_idx.info) AS movie_votes, MIN(n.name) AS writer, MIN(t.title) AS complete_violent_movie
FROM sampled_complete_cast_1 AS cc,
    sampled_comp_cast_type_1 AS cct1,
    sampled_comp_cast_type_1 AS cct2,
    sampled_cast_info_1 AS ci,
    sampled_info_type_1 AS it1,
    sampled_info_type_1 AS it2,
    sampled_keyword_1 AS k,
    sampled_movie_info_1 AS mi,
    sampled_movie_info_idx_1 AS mi_idx,
    sampled_movie_keyword_1 AS mk,
    sampled_name_1 AS n,
    sampled_title_1 AS t
WHERE t.id = mi.movie_id
AND t.id = mi_idx.movie_id
AND t.id = ci.movie_id
AND t.id = mk.movie_id
AND t.id = cc.movie_id
AND ci.movie_id = mi.movie_id
AND ci.movie_id = mi_idx.movie_id
AND ci.movie_id = mk.movie_id
AND ci.movie_id = cc.movie_id
AND mi.movie_id = mi_idx.movie_id
AND mi.movie_id = mk.movie_id
AND mi.movie_id = cc.movie_id
AND mi_idx.movie_id = mk.movie_id
AND mi_idx.movie_id = cc.movie_id
AND mk.movie_id = cc.movie_id
AND n.id = ci.person_id
AND it1.id = mi.info_type_id
AND it2.id = mi_idx.info_type_id
AND k.id = mk.keyword_id
AND cct1.id = cc.subject_id
AND cct2.id = cc.status_id
AND cct1.kind IN ('crew', 'crew', 'crew', 'crew', 'crew')
AND cct2.kind = 'complete+verified'
AND ci.note IN ('(director of photography)', '(uncredited)', '(creator)', '(director of photography)', '(uncredited)')
AND it1.info = 'genres'
AND it2.info = 'rating'
AND k.keyword IN ('based-on-novel', 'based-on-novel', 'based-on-novel', 'based-on-novel', 'based-on-novel')
AND mi.info IN ('RAT:1.33 : 1', 'Drama', 'RAT:1.33 : 1', 'RAT:1.33 : 1', 'RAT:1.33 : 1')
AND n.gender = 'm'
AND t.production_year > 1964;",29,/*+  SeqScan(it1) SeqScan(it2) SeqScan(k) IndexScan(mk keyword_id_movie_keyword_1) IndexScan(mi_idx movie_id_movie_info_idx_1) IndexScan(t sampled_title_1_pkey) IndexScan(mi movie_id_movie_info_1) IndexScan(cc movie_id_complete_cast_1) SeqScan(cct1) IndexScan(ci movie_id_cast_info_1) IndexScan(n sampled_name_1_pkey) SeqScan(cct2) NestLoop(k mk) NestLoop(k mk mi_idx) NestLoop(it2 k mk mi_idx) NestLoop(it2 k mk mi_idx t) NestLoop(it2 k mk mi_idx t mi) NestLoop(it1 it2 k mk mi_idx t mi) NestLoop(it1 it2 k mk mi_idx t mi cc) NestLoop(it1 it2 k mk mi_idx t mi cc cct1) NestLoop(it1 it2 k mk mi_idx t mi cc cct1 ci) NestLoop(it1 it2 k mk mi_idx t mi cc cct1 ci n) NestLoop(it1 it2 k mk mi_idx t mi cc cct1 ci n cct2) Leading(((((((it1 (((it2 ((k mk) mi_idx)) t) mi)) cc) cct1) ci) n) cct2)) */
"SELECT MIN(mi.info) AS movie_budget, MIN(mi_idx.info) AS movie_votes, MIN(n.name) AS writer, MIN(t.title) AS complete_violent_movie
FROM sampled_complete_cast_1 AS cc,
    sampled_comp_cast_type_1 AS cct1,
    sampled_comp_cast_type_1 AS cct2,
    sampled_cast_info_1 AS ci,
    sampled_info_type_1 AS it1,
    sampled_info_type_1 AS it2,
    sampled_keyword_1 AS k,
    sampled_movie_info_1 AS mi,
    sampled_movie_info_idx_1 AS mi_idx,
    sampled_movie_keyword_1 AS mk,
    sampled_name_1 AS n,
    sampled_title_1 AS t
WHERE t.id = mi.movie_id
AND t.id = mi_idx.movie_id
AND t.id = ci.movie_id
AND t.id = mk.movie_id
AND t.id = cc.movie_id
AND ci.movie_id = mi.movie_id
AND ci.movie_id = mi_idx.movie_id
AND ci.movie_id = mk.movie_id
AND ci.movie_id = cc.movie_id
AND mi.movie_id = mi_idx.movie_id
AND mi.movie_id = mk.movie_id
AND mi.movie_id = cc.movie_id
AND mi_idx.movie_id = mk.movie_id
AND mi_idx.movie_id = cc.movie_id
AND mk.movie_id = cc.movie_id
AND n.id = ci.person_id
AND it1.id = mi.info_type_id
AND it2.id = mi_idx.info_type_id
AND k.id = mk.keyword_id
AND cct1.id = cc.subject_id
AND cct2.id = cc.status_id
AND cct1.kind IN ('cast', 'cast', 'cast', 'cast', 'cast')
AND cct2.kind = 'complete+verified'
AND ci.note IN ('(uncredited)', '(producer)', '(producer)', '(voice)', '(producer)')
AND it1.info = 'genres'
AND it2.info = 'votes distribution'
AND k.keyword IN ('based-on-novel', 'based-on-novel', 'based-on-novel', 'based-on-novel', 'based-on-novel')
AND mi.info IN ('Drama', 'Drama', 'Drama', 'Drama', 'Drama')
AND n.gender = 'm'
AND t.production_year > 1984;",101,/*+  SeqScan(k) IndexScan(mk keyword_id_movie_keyword_1) SeqScan(cc) SeqScan(cct2) SeqScan(cct1) IndexScan(mi_idx movie_id_movie_info_idx_1) SeqScan(it2) IndexScan(mi movie_id_movie_info_1) IndexScan(t sampled_title_1_pkey) IndexScan(ci movie_id_cast_info_1) IndexScan(n sampled_name_1_pkey) SeqScan(it1) NestLoop(k mk) HashJoin(cc cct2) HashJoin(cc cct2 cct1) HashJoin(k mk cc cct2 cct1) NestLoop(k mk cc cct2 cct1 mi_idx) HashJoin(k mk cc cct2 cct1 mi_idx it2) NestLoop(k mk cc cct2 cct1 mi_idx it2 mi) NestLoop(k mk cc cct2 cct1 mi_idx it2 mi t) NestLoop(k mk cc cct2 cct1 mi_idx it2 mi t ci) NestLoop(k mk cc cct2 cct1 mi_idx it2 mi t ci n) HashJoin(k mk cc cct2 cct1 mi_idx it2 mi t ci n it1) Leading((((((((((k mk) ((cc cct2) cct1)) mi_idx) it2) mi) t) ci) n) it1)) */
"SELECT MIN(mi.info) AS movie_budget, MIN(mi_idx.info) AS movie_votes, MIN(n.name) AS writer, MIN(t.title) AS complete_violent_movie
FROM sampled_complete_cast_1 AS cc,
    sampled_comp_cast_type_1 AS cct1,
    sampled_comp_cast_type_1 AS cct2,
    sampled_cast_info_1 AS ci,
    sampled_info_type_1 AS it1,
    sampled_info_type_1 AS it2,
    sampled_keyword_1 AS k,
    sampled_movie_info_1 AS mi,
    sampled_movie_info_idx_1 AS mi_idx,
    sampled_movie_keyword_1 AS mk,
    sampled_name_1 AS n,
    sampled_title_1 AS t
WHERE t.id = mi.movie_id
AND t.id = mi_idx.movie_id
AND t.id = ci.movie_id
AND t.id = mk.movie_id
AND t.id = cc.movie_id
AND ci.movie_id = mi.movie_id
AND ci.movie_id = mi_idx.movie_id
AND ci.movie_id = mk.movie_id
AND ci.movie_id = cc.movie_id
AND mi.movie_id = mi_idx.movie_id
AND mi.movie_id = mk.movie_id
AND mi.movie_id = cc.movie_id
AND mi_idx.movie_id = mk.movie_id
AND mi_idx.movie_id = cc.movie_id
AND mk.movie_id = cc.movie_id
AND n.id = ci.person_id
AND it1.id = mi.info_type_id
AND it2.id = mi_idx.info_type_id
AND k.id = mk.keyword_id
AND cct1.id = cc.subject_id
AND cct2.id = cc.status_id
AND cct1.kind IN ('crew', 'crew', 'crew', 'crew', 'crew')
AND cct2.kind = 'complete+verified'
AND ci.note IN ('(producer)', '(producer)', '(producer)', '(producer)', '(producer)')
AND it1.info = 'countries'
AND it2.info = 'rating'
AND k.keyword IN ('murder', 'murder', 'murder', 'murder', 'murder')
AND mi.info IN ('Comedy', 'UK', 'Documentary', 'Documentary', 'Comedy')
AND n.gender = 'm'
AND t.production_year > 1968;",29,/*+  SeqScan(it1) SeqScan(it2) SeqScan(k) IndexScan(mk keyword_id_movie_keyword_1) IndexScan(mi_idx movie_id_movie_info_idx_1) IndexScan(t sampled_title_1_pkey) IndexScan(mi movie_id_movie_info_1) IndexScan(cc movie_id_complete_cast_1) SeqScan(cct1) IndexScan(ci movie_id_cast_info_1) IndexScan(n sampled_name_1_pkey) SeqScan(cct2) NestLoop(k mk) NestLoop(k mk mi_idx) NestLoop(it2 k mk mi_idx) NestLoop(it2 k mk mi_idx t) NestLoop(it2 k mk mi_idx t mi) NestLoop(it1 it2 k mk mi_idx t mi) NestLoop(it1 it2 k mk mi_idx t mi cc) NestLoop(it1 it2 k mk mi_idx t mi cc cct1) NestLoop(it1 it2 k mk mi_idx t mi cc cct1 ci) NestLoop(it1 it2 k mk mi_idx t mi cc cct1 ci n) NestLoop(it1 it2 k mk mi_idx t mi cc cct1 ci n cct2) Leading(((((((it1 (((it2 ((k mk) mi_idx)) t) mi)) cc) cct1) ci) n) cct2)) */
"SELECT MIN(mi.info) AS movie_budget, MIN(mi_idx.info) AS movie_votes, MIN(n.name) AS writer, MIN(t.title) AS complete_violent_movie
FROM sampled_complete_cast_1 AS cc,
    sampled_comp_cast_type_1 AS cct1,
    sampled_comp_cast_type_1 AS cct2,
    sampled_cast_info_1 AS ci,
    sampled_info_type_1 AS it1,
    sampled_info_type_1 AS it2,
    sampled_keyword_1 AS k,
    sampled_movie_info_1 AS mi,
    sampled_movie_info_idx_1 AS mi_idx,
    sampled_movie_keyword_1 AS mk,
    sampled_name_1 AS n,
    sampled_title_1 AS t
WHERE t.id = mi.movie_id
AND t.id = mi_idx.movie_id
AND t.id = ci.movie_id
AND t.id = mk.movie_id
AND t.id = cc.movie_id
AND ci.movie_id = mi.movie_id
AND ci.movie_id = mi_idx.movie_id
AND ci.movie_id = mk.movie_id
AND ci.movie_id = cc.movie_id
AND mi.movie_id = mi_idx.movie_id
AND mi.movie_id = mk.movie_id
AND mi.movie_id = cc.movie_id
AND mi_idx.movie_id = mk.movie_id
AND mi_idx.movie_id = cc.movie_id
AND mk.movie_id = cc.movie_id
AND n.id = ci.person_id
AND it1.id = mi.info_type_id
AND it2.id = mi_idx.info_type_id
AND k.id = mk.keyword_id
AND cct1.id = cc.subject_id
AND cct2.id = cc.status_id
AND cct1.kind IN ('cast', 'cast', 'cast', 'cast', 'cast')
AND cct2.kind = 'complete'
AND ci.note IN ('(uncredited)', '(uncredited)', '(uncredited)', '(uncredited)', '(uncredited)')
AND it1.info = 'genres'
AND it2.info = 'votes distribution'
AND k.keyword IN ('female-nudity', 'female-nudity', 'female-nudity', 'female-nudity', 'female-nudity')
AND mi.info IN ('Comedy', 'Comedy', 'Comedy', 'Comedy', 'Comedy')
AND n.gender = 'm'
AND t.production_year > 1989;",101,/*+  SeqScan(k) IndexScan(mk keyword_id_movie_keyword_1) SeqScan(cc) SeqScan(cct2) SeqScan(cct1) IndexScan(mi_idx movie_id_movie_info_idx_1) SeqScan(it2) IndexScan(mi movie_id_movie_info_1) IndexScan(t sampled_title_1_pkey) IndexScan(ci movie_id_cast_info_1) IndexScan(n sampled_name_1_pkey) SeqScan(it1) NestLoop(k mk) HashJoin(cc cct2) HashJoin(cc cct2 cct1) HashJoin(k mk cc cct2 cct1) NestLoop(k mk cc cct2 cct1 mi_idx) HashJoin(k mk cc cct2 cct1 mi_idx it2) NestLoop(k mk cc cct2 cct1 mi_idx it2 mi) NestLoop(k mk cc cct2 cct1 mi_idx it2 mi t) NestLoop(k mk cc cct2 cct1 mi_idx it2 mi t ci) NestLoop(k mk cc cct2 cct1 mi_idx it2 mi t ci n) HashJoin(k mk cc cct2 cct1 mi_idx it2 mi t ci n it1) Leading((((((((((k mk) ((cc cct2) cct1)) mi_idx) it2) mi) t) ci) n) it1)) */
"SELECT MIN(mi.info) AS movie_budget, MIN(mi_idx.info) AS movie_votes, MIN(n.name) AS writer, MIN(t.title) AS complete_violent_movie
FROM sampled_complete_cast_1 AS cc,
    sampled_comp_cast_type_1 AS cct1,
    sampled_comp_cast_type_1 AS cct2,
    sampled_cast_info_1 AS ci,
    sampled_info_type_1 AS it1,
    sampled_info_type_1 AS it2,
    sampled_keyword_1 AS k,
    sampled_movie_info_1 AS mi,
    sampled_movie_info_idx_1 AS mi_idx,
    sampled_movie_keyword_1 AS mk,
    sampled_name_1 AS n,
    sampled_title_1 AS t
WHERE t.id = mi.movie_id
AND t.id = mi_idx.movie_id
AND t.id = ci.movie_id
AND t.id = mk.movie_id
AND t.id = cc.movie_id
AND ci.movie_id = mi.movie_id
AND ci.movie_id = mi_idx.movie_id
AND ci.movie_id = mk.movie_id
AND ci.movie_id = cc.movie_id
AND mi.movie_id = mi_idx.movie_id
AND mi.movie_id = mk.movie_id
AND mi.movie_id = cc.movie_id
AND mi_idx.movie_id = mk.movie_id
AND mi_idx.movie_id = cc.movie_id
AND mk.movie_id = cc.movie_id
AND n.id = ci.person_id
AND it1.id = mi.info_type_id
AND it2.id = mi_idx.info_type_id
AND k.id = mk.keyword_id
AND cct1.id = cc.subject_id
AND cct2.id = cc.status_id
AND cct1.kind IN ('crew', 'crew', 'crew', 'crew', 'crew')
AND cct2.kind = 'complete'
AND ci.note IN ('(uncredited)', '(uncredited)', '(uncredited)', '(uncredited)', '(uncredited)')
AND it1.info = 'genres'
AND it2.info = 'votes distribution'
AND k.keyword IN ('husband-wife-relationship', 'non-fiction', 'male-nudity', 'family-relationships', 'one-word-title')
AND mi.info IN ('Drama', 'Drama', 'Drama', 'Drama', 'Drama')
AND n.gender = 'm'
AND t.production_year > 1980;",101,/*+  SeqScan(k) IndexScan(mk keyword_id_movie_keyword_1) SeqScan(cc) SeqScan(cct2) SeqScan(cct1) IndexScan(mi_idx movie_id_movie_info_idx_1) SeqScan(it2) IndexScan(mi movie_id_movie_info_1) IndexScan(t sampled_title_1_pkey) IndexScan(ci movie_id_cast_info_1) IndexScan(n sampled_name_1_pkey) SeqScan(it1) NestLoop(k mk) HashJoin(cc cct2) HashJoin(cc cct2 cct1) HashJoin(k mk cc cct2 cct1) NestLoop(k mk cc cct2 cct1 mi_idx) HashJoin(k mk cc cct2 cct1 mi_idx it2) NestLoop(k mk cc cct2 cct1 mi_idx it2 mi) NestLoop(k mk cc cct2 cct1 mi_idx it2 mi t) NestLoop(k mk cc cct2 cct1 mi_idx it2 mi t ci) NestLoop(k mk cc cct2 cct1 mi_idx it2 mi t ci n) HashJoin(k mk cc cct2 cct1 mi_idx it2 mi t ci n it1) Leading((((((((((k mk) ((cc cct2) cct1)) mi_idx) it2) mi) t) ci) n) it1)) */
"SELECT MIN(mi.info) AS movie_budget, MIN(mi_idx.info) AS movie_votes, MIN(n.name) AS writer, MIN(t.title) AS complete_violent_movie
FROM sampled_complete_cast_1 AS cc,
    sampled_comp_cast_type_1 AS cct1,
    sampled_comp_cast_type_1 AS cct2,
    sampled_cast_info_1 AS ci,
    sampled_info_type_1 AS it1,
    sampled_info_type_1 AS it2,
    sampled_keyword_1 AS k,
    sampled_movie_info_1 AS mi,
    sampled_movie_info_idx_1 AS mi_idx,
    sampled_movie_keyword_1 AS mk,
    sampled_name_1 AS n,
    sampled_title_1 AS t
WHERE t.id = mi.movie_id
AND t.id = mi_idx.movie_id
AND t.id = ci.movie_id
AND t.id = mk.movie_id
AND t.id = cc.movie_id
AND ci.movie_id = mi.movie_id
AND ci.movie_id = mi_idx.movie_id
AND ci.movie_id = mk.movie_id
AND ci.movie_id = cc.movie_id
AND mi.movie_id = mi_idx.movie_id
AND mi.movie_id = mk.movie_id
AND mi.movie_id = cc.movie_id
AND mi_idx.movie_id = mk.movie_id
AND mi_idx.movie_id = cc.movie_id
AND mk.movie_id = cc.movie_id
AND n.id = ci.person_id
AND it1.id = mi.info_type_id
AND it2.id = mi_idx.info_type_id
AND k.id = mk.keyword_id
AND cct1.id = cc.subject_id
AND cct2.id = cc.status_id
AND cct1.kind IN ('crew', 'crew', 'crew', 'crew', 'crew')
AND cct2.kind = 'complete+verified'
AND ci.note IN ('(producer)', '(producer)', '(producer)', '(producer)', '(producer)')
AND it1.info = 'genres'
AND it2.info = 'votes distribution'
AND k.keyword IN ('police', 'bare-breasts', 'sequel', 'female-frontal-nudity', 'two-word-title')
AND mi.info IN ('Drama', 'Black and White', 'Black and White', 'Black and White', 'Black and White')
AND n.gender = 'm'
AND t.production_year > 1967;",101,/*+  SeqScan(k) IndexScan(mk keyword_id_movie_keyword_1) SeqScan(cc) SeqScan(cct2) SeqScan(cct1) IndexScan(mi_idx movie_id_movie_info_idx_1) SeqScan(it2) IndexScan(mi movie_id_movie_info_1) IndexScan(t sampled_title_1_pkey) IndexScan(ci movie_id_cast_info_1) IndexScan(n sampled_name_1_pkey) SeqScan(it1) NestLoop(k mk) HashJoin(cc cct2) HashJoin(cc cct2 cct1) HashJoin(k mk cc cct2 cct1) NestLoop(k mk cc cct2 cct1 mi_idx) HashJoin(k mk cc cct2 cct1 mi_idx it2) NestLoop(k mk cc cct2 cct1 mi_idx it2 mi) NestLoop(k mk cc cct2 cct1 mi_idx it2 mi t) NestLoop(k mk cc cct2 cct1 mi_idx it2 mi t ci) NestLoop(k mk cc cct2 cct1 mi_idx it2 mi t ci n) HashJoin(k mk cc cct2 cct1 mi_idx it2 mi t ci n it1) Leading((((((((((k mk) ((cc cct2) cct1)) mi_idx) it2) mi) t) ci) n) it1)) */
"SELECT MIN(mi.info) AS movie_budget, MIN(mi_idx.info) AS movie_votes, MIN(n.name) AS writer, MIN(t.title) AS complete_violent_movie
FROM sampled_complete_cast_1 AS cc,
    sampled_comp_cast_type_1 AS cct1,
    sampled_comp_cast_type_1 AS cct2,
    sampled_cast_info_1 AS ci,
    sampled_info_type_1 AS it1,
    sampled_info_type_1 AS it2,
    sampled_keyword_1 AS k,
    sampled_movie_info_1 AS mi,
    sampled_movie_info_idx_1 AS mi_idx,
    sampled_movie_keyword_1 AS mk,
    sampled_name_1 AS n,
    sampled_title_1 AS t
WHERE t.id = mi.movie_id
AND t.id = mi_idx.movie_id
AND t.id = ci.movie_id
AND t.id = mk.movie_id
AND t.id = cc.movie_id
AND ci.movie_id = mi.movie_id
AND ci.movie_id = mi_idx.movie_id
AND ci.movie_id = mk.movie_id
AND ci.movie_id = cc.movie_id
AND mi.movie_id = mi_idx.movie_id
AND mi.movie_id = mk.movie_id
AND mi.movie_id = cc.movie_id
AND mi_idx.movie_id = mk.movie_id
AND mi_idx.movie_id = cc.movie_id
AND mk.movie_id = cc.movie_id
AND n.id = ci.person_id
AND it1.id = mi.info_type_id
AND it2.id = mi_idx.info_type_id
AND k.id = mk.keyword_id
AND cct1.id = cc.subject_id
AND cct2.id = cc.status_id
AND cct1.kind IN ('cast', 'cast', 'cast', 'cast', 'cast')
AND cct2.kind = 'complete+verified'
AND ci.note IN ('(uncredited)', '(executive producer)', '(voice)', '(writer)', '(voice)')
AND it1.info = 'genres'
AND it2.info = 'top 250 rank'
AND k.keyword IN ('murder', 'murder', 'murder', 'murder', 'murder')
AND mi.info IN ('Drama', 'Black and White', 'Drama', 'Black and White', 'Black and White')
AND n.gender = 'm'
AND t.production_year > 1988;",101,/*+  SeqScan(k) IndexScan(mk keyword_id_movie_keyword_1) SeqScan(cc) SeqScan(cct2) SeqScan(cct1) IndexScan(mi_idx movie_id_movie_info_idx_1) SeqScan(it2) IndexScan(mi movie_id_movie_info_1) IndexScan(t sampled_title_1_pkey) IndexScan(ci movie_id_cast_info_1) IndexScan(n sampled_name_1_pkey) SeqScan(it1) NestLoop(k mk) HashJoin(cc cct2) HashJoin(cc cct2 cct1) HashJoin(k mk cc cct2 cct1) NestLoop(k mk cc cct2 cct1 mi_idx) HashJoin(k mk cc cct2 cct1 mi_idx it2) NestLoop(k mk cc cct2 cct1 mi_idx it2 mi) NestLoop(k mk cc cct2 cct1 mi_idx it2 mi t) NestLoop(k mk cc cct2 cct1 mi_idx it2 mi t ci) NestLoop(k mk cc cct2 cct1 mi_idx it2 mi t ci n) HashJoin(k mk cc cct2 cct1 mi_idx it2 mi t ci n it1) Leading((((((((((k mk) ((cc cct2) cct1)) mi_idx) it2) mi) t) ci) n) it1)) */
"SELECT MIN(mi.info) AS movie_budget, MIN(mi_idx.info) AS movie_votes, MIN(n.name) AS writer, MIN(t.title) AS complete_violent_movie
FROM sampled_complete_cast_1 AS cc,
    sampled_comp_cast_type_1 AS cct1,
    sampled_comp_cast_type_1 AS cct2,
    sampled_cast_info_1 AS ci,
    sampled_info_type_1 AS it1,
    sampled_info_type_1 AS it2,
    sampled_keyword_1 AS k,
    sampled_movie_info_1 AS mi,
    sampled_movie_info_idx_1 AS mi_idx,
    sampled_movie_keyword_1 AS mk,
    sampled_name_1 AS n,
    sampled_title_1 AS t
WHERE t.id = mi.movie_id
AND t.id = mi_idx.movie_id
AND t.id = ci.movie_id
AND t.id = mk.movie_id
AND t.id = cc.movie_id
AND ci.movie_id = mi.movie_id
AND ci.movie_id = mi_idx.movie_id
AND ci.movie_id = mk.movie_id
AND ci.movie_id = cc.movie_id
AND mi.movie_id = mi_idx.movie_id
AND mi.movie_id = mk.movie_id
AND mi.movie_id = cc.movie_id
AND mi_idx.movie_id = mk.movie_id
AND mi_idx.movie_id = cc.movie_id
AND mk.movie_id = cc.movie_id
AND n.id = ci.person_id
AND it1.id = mi.info_type_id
AND it2.id = mi_idx.info_type_id
AND k.id = mk.keyword_id
AND cct1.id = cc.subject_id
AND cct2.id = cc.status_id
AND cct1.kind IN ('crew', 'crew', 'crew', 'crew', 'crew')
AND cct2.kind = 'complete'
AND ci.note IN ('(production assistant)', '(uncredited)', '(executive producer)', '(uncredited)', '(production assistant)')
AND it1.info = 'genres'
AND it2.info = 'votes'
AND k.keyword IN ('lockheed-sr-71', 'police-captain', 'lying-about-one''s-age', 'jitterbug', 'pantheon')
AND mi.info IN ('Comedy', 'Comedy', 'Comedy', 'Comedy', 'Comedy')
AND n.gender = 'm'
AND t.production_year > 1988;",101,/*+  SeqScan(k) IndexScan(mk keyword_id_movie_keyword_1) SeqScan(cc) SeqScan(cct2) SeqScan(cct1) IndexScan(mi_idx movie_id_movie_info_idx_1) SeqScan(it2) IndexScan(mi movie_id_movie_info_1) IndexScan(t sampled_title_1_pkey) IndexScan(ci movie_id_cast_info_1) IndexScan(n sampled_name_1_pkey) SeqScan(it1) NestLoop(k mk) HashJoin(cc cct2) HashJoin(cc cct2 cct1) HashJoin(k mk cc cct2 cct1) NestLoop(k mk cc cct2 cct1 mi_idx) HashJoin(k mk cc cct2 cct1 mi_idx it2) NestLoop(k mk cc cct2 cct1 mi_idx it2 mi) NestLoop(k mk cc cct2 cct1 mi_idx it2 mi t) NestLoop(k mk cc cct2 cct1 mi_idx it2 mi t ci) NestLoop(k mk cc cct2 cct1 mi_idx it2 mi t ci n) HashJoin(k mk cc cct2 cct1 mi_idx it2 mi t ci n it1) Leading((((((((((k mk) ((cc cct2) cct1)) mi_idx) it2) mi) t) ci) n) it1)) */
"SELECT MIN(mi.info) AS movie_budget, MIN(mi_idx.info) AS movie_votes, MIN(n.name) AS writer, MIN(t.title) AS complete_violent_movie
FROM sampled_complete_cast_1 AS cc,
    sampled_comp_cast_type_1 AS cct1,
    sampled_comp_cast_type_1 AS cct2,
    sampled_cast_info_1 AS ci,
    sampled_info_type_1 AS it1,
    sampled_info_type_1 AS it2,
    sampled_keyword_1 AS k,
    sampled_movie_info_1 AS mi,
    sampled_movie_info_idx_1 AS mi_idx,
    sampled_movie_keyword_1 AS mk,
    sampled_name_1 AS n,
    sampled_title_1 AS t
WHERE t.id = mi.movie_id
AND t.id = mi_idx.movie_id
AND t.id = ci.movie_id
AND t.id = mk.movie_id
AND t.id = cc.movie_id
AND ci.movie_id = mi.movie_id
AND ci.movie_id = mi_idx.movie_id
AND ci.movie_id = mk.movie_id
AND ci.movie_id = cc.movie_id
AND mi.movie_id = mi_idx.movie_id
AND mi.movie_id = mk.movie_id
AND mi.movie_id = cc.movie_id
AND mi_idx.movie_id = mk.movie_id
AND mi_idx.movie_id = cc.movie_id
AND mk.movie_id = cc.movie_id
AND n.id = ci.person_id
AND it1.id = mi.info_type_id
AND it2.id = mi_idx.info_type_id
AND k.id = mk.keyword_id
AND cct1.id = cc.subject_id
AND cct2.id = cc.status_id
AND cct1.kind IN ('cast', 'cast', 'cast', 'cast', 'cast')
AND cct2.kind = 'complete+verified'
AND ci.note IN ('(executive producer)', '(executive producer)', '(executive producer)', '(executive producer)', '(executive producer)')
AND it1.info = 'countries'
AND it2.info = 'votes distribution'
AND k.keyword IN ('female-nudity', 'female-nudity', 'female-nudity', 'female-nudity', 'female-nudity')
AND mi.info IN ('Color', 'USA', 'English', 'English', 'English')
AND n.gender = 'm'
AND t.production_year > 1974;",101,/*+  SeqScan(k) IndexScan(mk keyword_id_movie_keyword_1) SeqScan(cc) SeqScan(cct2) SeqScan(cct1) IndexScan(mi_idx movie_id_movie_info_idx_1) SeqScan(it2) IndexScan(mi movie_id_movie_info_1) IndexScan(t sampled_title_1_pkey) IndexScan(ci movie_id_cast_info_1) IndexScan(n sampled_name_1_pkey) SeqScan(it1) NestLoop(k mk) HashJoin(cc cct2) HashJoin(cc cct2 cct1) HashJoin(k mk cc cct2 cct1) NestLoop(k mk cc cct2 cct1 mi_idx) HashJoin(k mk cc cct2 cct1 mi_idx it2) NestLoop(k mk cc cct2 cct1 mi_idx it2 mi) NestLoop(k mk cc cct2 cct1 mi_idx it2 mi t) NestLoop(k mk cc cct2 cct1 mi_idx it2 mi t ci) NestLoop(k mk cc cct2 cct1 mi_idx it2 mi t ci n) HashJoin(k mk cc cct2 cct1 mi_idx it2 mi t ci n it1) Leading((((((((((k mk) ((cc cct2) cct1)) mi_idx) it2) mi) t) ci) n) it1)) */
"SELECT MIN(mi.info) AS movie_budget, MIN(mi_idx.info) AS movie_votes, MIN(n.name) AS writer, MIN(t.title) AS complete_violent_movie
FROM sampled_complete_cast_1 AS cc,
    sampled_comp_cast_type_1 AS cct1,
    sampled_comp_cast_type_1 AS cct2,
    sampled_cast_info_1 AS ci,
    sampled_info_type_1 AS it1,
    sampled_info_type_1 AS it2,
    sampled_keyword_1 AS k,
    sampled_movie_info_1 AS mi,
    sampled_movie_info_idx_1 AS mi_idx,
    sampled_movie_keyword_1 AS mk,
    sampled_name_1 AS n,
    sampled_title_1 AS t
WHERE t.id = mi.movie_id
AND t.id = mi_idx.movie_id
AND t.id = ci.movie_id
AND t.id = mk.movie_id
AND t.id = cc.movie_id
AND ci.movie_id = mi.movie_id
AND ci.movie_id = mi_idx.movie_id
AND ci.movie_id = mk.movie_id
AND ci.movie_id = cc.movie_id
AND mi.movie_id = mi_idx.movie_id
AND mi.movie_id = mk.movie_id
AND mi.movie_id = cc.movie_id
AND mi_idx.movie_id = mk.movie_id
AND mi_idx.movie_id = cc.movie_id
AND mk.movie_id = cc.movie_id
AND n.id = ci.person_id
AND it1.id = mi.info_type_id
AND it2.id = mi_idx.info_type_id
AND k.id = mk.keyword_id
AND cct1.id = cc.subject_id
AND cct2.id = cc.status_id
AND cct1.kind IN ('cast', 'cast', 'cast', 'cast', 'cast')
AND cct2.kind = 'complete+verified'
AND ci.note IN ('(creator)', '(creator)', '(creator)', '(written by)', '(creator)')
AND it1.info = 'countries'
AND it2.info = 'votes'
AND k.keyword IN ('character-name-in-title', 'independent-film', 'independent-film', 'character-name-in-title', 'character-name-in-title')
AND mi.info IN ('USA', 'USA', 'USA', 'USA', 'USA')
AND n.gender = 'm'
AND t.production_year > 1981;",101,/*+  SeqScan(k) IndexScan(mk keyword_id_movie_keyword_1) SeqScan(cc) SeqScan(cct2) SeqScan(cct1) IndexScan(mi_idx movie_id_movie_info_idx_1) SeqScan(it2) IndexScan(mi movie_id_movie_info_1) IndexScan(t sampled_title_1_pkey) IndexScan(ci movie_id_cast_info_1) IndexScan(n sampled_name_1_pkey) SeqScan(it1) NestLoop(k mk) HashJoin(cc cct2) HashJoin(cc cct2 cct1) HashJoin(k mk cc cct2 cct1) NestLoop(k mk cc cct2 cct1 mi_idx) HashJoin(k mk cc cct2 cct1 mi_idx it2) NestLoop(k mk cc cct2 cct1 mi_idx it2 mi) NestLoop(k mk cc cct2 cct1 mi_idx it2 mi t) NestLoop(k mk cc cct2 cct1 mi_idx it2 mi t ci) NestLoop(k mk cc cct2 cct1 mi_idx it2 mi t ci n) HashJoin(k mk cc cct2 cct1 mi_idx it2 mi t ci n it1) Leading((((((((((k mk) ((cc cct2) cct1)) mi_idx) it2) mi) t) ci) n) it1)) */
"SELECT MIN(mi.info) AS movie_budget, MIN(mi_idx.info) AS movie_votes, MIN(n.name) AS writer, MIN(t.title) AS complete_violent_movie
FROM sampled_complete_cast_1 AS cc,
    sampled_comp_cast_type_1 AS cct1,
    sampled_comp_cast_type_1 AS cct2,
    sampled_cast_info_1 AS ci,
    sampled_info_type_1 AS it1,
    sampled_info_type_1 AS it2,
    sampled_keyword_1 AS k,
    sampled_movie_info_1 AS mi,
    sampled_movie_info_idx_1 AS mi_idx,
    sampled_movie_keyword_1 AS mk,
    sampled_name_1 AS n,
    sampled_title_1 AS t
WHERE t.id = mi.movie_id
AND t.id = mi_idx.movie_id
AND t.id = ci.movie_id
AND t.id = mk.movie_id
AND t.id = cc.movie_id
AND ci.movie_id = mi.movie_id
AND ci.movie_id = mi_idx.movie_id
AND ci.movie_id = mk.movie_id
AND ci.movie_id = cc.movie_id
AND mi.movie_id = mi_idx.movie_id
AND mi.movie_id = mk.movie_id
AND mi.movie_id = cc.movie_id
AND mi_idx.movie_id = mk.movie_id
AND mi_idx.movie_id = cc.movie_id
AND mk.movie_id = cc.movie_id
AND n.id = ci.person_id
AND it1.id = mi.info_type_id
AND it2.id = mi_idx.info_type_id
AND k.id = mk.keyword_id
AND cct1.id = cc.subject_id
AND cct2.id = cc.status_id
AND cct1.kind IN ('cast', 'cast', 'cast', 'cast', 'cast')
AND cct2.kind = 'complete+verified'
AND ci.note IN ('(written by)', '(written by)', '(written by)', '(creator)', '(creator)')
AND it1.info = 'countries'
AND it2.info = 'votes'
AND k.keyword IN ('murder', 'murder', 'murder', 'murder', 'murder')
AND mi.info IN ('USA', 'Mono', 'Color', 'Color', 'Color')
AND n.gender = 'm'
AND t.production_year > 1966;",101,/*+  SeqScan(k) IndexScan(mk keyword_id_movie_keyword_1) SeqScan(cc) SeqScan(cct2) SeqScan(cct1) IndexScan(mi_idx movie_id_movie_info_idx_1) SeqScan(it2) IndexScan(mi movie_id_movie_info_1) IndexScan(t sampled_title_1_pkey) IndexScan(ci movie_id_cast_info_1) IndexScan(n sampled_name_1_pkey) SeqScan(it1) NestLoop(k mk) HashJoin(cc cct2) HashJoin(cc cct2 cct1) HashJoin(k mk cc cct2 cct1) NestLoop(k mk cc cct2 cct1 mi_idx) HashJoin(k mk cc cct2 cct1 mi_idx it2) NestLoop(k mk cc cct2 cct1 mi_idx it2 mi) NestLoop(k mk cc cct2 cct1 mi_idx it2 mi t) NestLoop(k mk cc cct2 cct1 mi_idx it2 mi t ci) NestLoop(k mk cc cct2 cct1 mi_idx it2 mi t ci n) HashJoin(k mk cc cct2 cct1 mi_idx it2 mi t ci n it1) Leading((((((((((k mk) ((cc cct2) cct1)) mi_idx) it2) mi) t) ci) n) it1)) */
"SELECT MIN(mi.info) AS movie_budget, MIN(mi_idx.info) AS movie_votes, MIN(n.name) AS writer, MIN(t.title) AS complete_violent_movie
FROM sampled_complete_cast_1 AS cc,
    sampled_comp_cast_type_1 AS cct1,
    sampled_comp_cast_type_1 AS cct2,
    sampled_cast_info_1 AS ci,
    sampled_info_type_1 AS it1,
    sampled_info_type_1 AS it2,
    sampled_keyword_1 AS k,
    sampled_movie_info_1 AS mi,
    sampled_movie_info_idx_1 AS mi_idx,
    sampled_movie_keyword_1 AS mk,
    sampled_name_1 AS n,
    sampled_title_1 AS t
WHERE t.id = mi.movie_id
AND t.id = mi_idx.movie_id
AND t.id = ci.movie_id
AND t.id = mk.movie_id
AND t.id = cc.movie_id
AND ci.movie_id = mi.movie_id
AND ci.movie_id = mi_idx.movie_id
AND ci.movie_id = mk.movie_id
AND ci.movie_id = cc.movie_id
AND mi.movie_id = mi_idx.movie_id
AND mi.movie_id = mk.movie_id
AND mi.movie_id = cc.movie_id
AND mi_idx.movie_id = mk.movie_id
AND mi_idx.movie_id = cc.movie_id
AND mk.movie_id = cc.movie_id
AND n.id = ci.person_id
AND it1.id = mi.info_type_id
AND it2.id = mi_idx.info_type_id
AND k.id = mk.keyword_id
AND cct1.id = cc.subject_id
AND cct2.id = cc.status_id
AND cct1.kind IN ('crew', 'crew', 'crew', 'crew', 'crew')
AND cct2.kind = 'complete'
AND ci.note IN ('(uncredited)', '(uncredited)', '(uncredited)', '(uncredited)', '(uncredited)')
AND it1.info = 'countries'
AND it2.info = 'votes'
AND k.keyword IN ('based-on-novel', 'based-on-novel', 'based-on-novel', 'based-on-novel', 'based-on-novel')
AND mi.info IN ('OFM:35 mm', 'RAT:1.33 : 1', 'RAT:1.33 : 1', 'RAT:1.33 : 1', 'USA')
AND n.gender = 'm'
AND t.production_year > 1964;",101,/*+  SeqScan(k) IndexScan(mk keyword_id_movie_keyword_1) SeqScan(cc) SeqScan(cct2) SeqScan(cct1) IndexScan(mi_idx movie_id_movie_info_idx_1) SeqScan(it2) IndexScan(mi movie_id_movie_info_1) IndexScan(t sampled_title_1_pkey) IndexScan(ci movie_id_cast_info_1) IndexScan(n sampled_name_1_pkey) SeqScan(it1) NestLoop(k mk) HashJoin(cc cct2) HashJoin(cc cct2 cct1) HashJoin(k mk cc cct2 cct1) NestLoop(k mk cc cct2 cct1 mi_idx) HashJoin(k mk cc cct2 cct1 mi_idx it2) NestLoop(k mk cc cct2 cct1 mi_idx it2 mi) NestLoop(k mk cc cct2 cct1 mi_idx it2 mi t) NestLoop(k mk cc cct2 cct1 mi_idx it2 mi t ci) NestLoop(k mk cc cct2 cct1 mi_idx it2 mi t ci n) HashJoin(k mk cc cct2 cct1 mi_idx it2 mi t ci n it1) Leading((((((((((k mk) ((cc cct2) cct1)) mi_idx) it2) mi) t) ci) n) it1)) */
"SELECT MIN(mi.info) AS movie_budget, MIN(mi_idx.info) AS movie_votes, MIN(n.name) AS writer, MIN(t.title) AS complete_violent_movie
FROM sampled_complete_cast_1 AS cc,
    sampled_comp_cast_type_1 AS cct1,
    sampled_comp_cast_type_1 AS cct2,
    sampled_cast_info_1 AS ci,
    sampled_info_type_1 AS it1,
    sampled_info_type_1 AS it2,
    sampled_keyword_1 AS k,
    sampled_movie_info_1 AS mi,
    sampled_movie_info_idx_1 AS mi_idx,
    sampled_movie_keyword_1 AS mk,
    sampled_name_1 AS n,
    sampled_title_1 AS t
WHERE t.id = mi.movie_id
AND t.id = mi_idx.movie_id
AND t.id = ci.movie_id
AND t.id = mk.movie_id
AND t.id = cc.movie_id
AND ci.movie_id = mi.movie_id
AND ci.movie_id = mi_idx.movie_id
AND ci.movie_id = mk.movie_id
AND ci.movie_id = cc.movie_id
AND mi.movie_id = mi_idx.movie_id
AND mi.movie_id = mk.movie_id
AND mi.movie_id = cc.movie_id
AND mi_idx.movie_id = mk.movie_id
AND mi_idx.movie_id = cc.movie_id
AND mk.movie_id = cc.movie_id
AND n.id = ci.person_id
AND it1.id = mi.info_type_id
AND it2.id = mi_idx.info_type_id
AND k.id = mk.keyword_id
AND cct1.id = cc.subject_id
AND cct2.id = cc.status_id
AND cct1.kind IN ('cast', 'cast', 'cast', 'cast', 'cast')
AND cct2.kind = 'complete+verified'
AND ci.note IN ('(production assistant)', '(production assistant)', '(executive producer)', '(executive producer)', '(executive producer)')
AND it1.info = 'countries'
AND it2.info = 'top 250 rank'
AND k.keyword IN ('murder', 'murder', 'murder', 'murder', 'murder')
AND mi.info IN ('OFM:35 mm', 'PFM:35 mm', 'PFM:35 mm', 'USA', 'OFM:35 mm')
AND n.gender = 'm'
AND t.production_year > 1981;",101,/*+  SeqScan(k) IndexScan(mk keyword_id_movie_keyword_1) SeqScan(cc) SeqScan(cct2) SeqScan(cct1) IndexScan(mi_idx movie_id_movie_info_idx_1) SeqScan(it2) IndexScan(mi movie_id_movie_info_1) IndexScan(t sampled_title_1_pkey) IndexScan(ci movie_id_cast_info_1) IndexScan(n sampled_name_1_pkey) SeqScan(it1) NestLoop(k mk) HashJoin(cc cct2) HashJoin(cc cct2 cct1) HashJoin(k mk cc cct2 cct1) NestLoop(k mk cc cct2 cct1 mi_idx) HashJoin(k mk cc cct2 cct1 mi_idx it2) NestLoop(k mk cc cct2 cct1 mi_idx it2 mi) NestLoop(k mk cc cct2 cct1 mi_idx it2 mi t) NestLoop(k mk cc cct2 cct1 mi_idx it2 mi t ci) NestLoop(k mk cc cct2 cct1 mi_idx it2 mi t ci n) HashJoin(k mk cc cct2 cct1 mi_idx it2 mi t ci n it1) Leading((((((((((k mk) ((cc cct2) cct1)) mi_idx) it2) mi) t) ci) n) it1)) */
"SELECT MIN(mi.info) AS movie_budget, MIN(mi_idx.info) AS movie_votes, MIN(n.name) AS writer, MIN(t.title) AS complete_violent_movie
FROM sampled_complete_cast_1 AS cc,
    sampled_comp_cast_type_1 AS cct1,
    sampled_comp_cast_type_1 AS cct2,
    sampled_cast_info_1 AS ci,
    sampled_info_type_1 AS it1,
    sampled_info_type_1 AS it2,
    sampled_keyword_1 AS k,
    sampled_movie_info_1 AS mi,
    sampled_movie_info_idx_1 AS mi_idx,
    sampled_movie_keyword_1 AS mk,
    sampled_name_1 AS n,
    sampled_title_1 AS t
WHERE t.id = mi.movie_id
AND t.id = mi_idx.movie_id
AND t.id = ci.movie_id
AND t.id = mk.movie_id
AND t.id = cc.movie_id
AND ci.movie_id = mi.movie_id
AND ci.movie_id = mi_idx.movie_id
AND ci.movie_id = mk.movie_id
AND ci.movie_id = cc.movie_id
AND mi.movie_id = mi_idx.movie_id
AND mi.movie_id = mk.movie_id
AND mi.movie_id = cc.movie_id
AND mi_idx.movie_id = mk.movie_id
AND mi_idx.movie_id = cc.movie_id
AND mk.movie_id = cc.movie_id
AND n.id = ci.person_id
AND it1.id = mi.info_type_id
AND it2.id = mi_idx.info_type_id
AND k.id = mk.keyword_id
AND cct1.id = cc.subject_id
AND cct2.id = cc.status_id
AND cct1.kind IN ('crew', 'crew', 'crew', 'crew', 'crew')
AND cct2.kind = 'complete'
AND ci.note IN ('(associate producer)', '(screenplay)', '(executive producer)', '(screenplay)', '(executive producer)')
AND it1.info = 'genres'
AND it2.info = 'rating'
AND k.keyword IN ('sex', 'sex', 'sex', 'sex', 'sex')
AND mi.info IN ('Drama', 'PFM:35 mm', 'OFM:35 mm', 'Mono', 'RAT:1.33 : 1')
AND n.gender = 'm'
AND t.production_year > 1981;",101,/*+  SeqScan(k) IndexScan(mk keyword_id_movie_keyword_1) SeqScan(cc) SeqScan(cct2) SeqScan(cct1) IndexScan(mi_idx movie_id_movie_info_idx_1) SeqScan(it2) IndexScan(mi movie_id_movie_info_1) IndexScan(t sampled_title_1_pkey) IndexScan(ci movie_id_cast_info_1) IndexScan(n sampled_name_1_pkey) SeqScan(it1) NestLoop(k mk) HashJoin(cc cct2) HashJoin(cc cct2 cct1) HashJoin(k mk cc cct2 cct1) NestLoop(k mk cc cct2 cct1 mi_idx) HashJoin(k mk cc cct2 cct1 mi_idx it2) NestLoop(k mk cc cct2 cct1 mi_idx it2 mi) NestLoop(k mk cc cct2 cct1 mi_idx it2 mi t) NestLoop(k mk cc cct2 cct1 mi_idx it2 mi t ci) NestLoop(k mk cc cct2 cct1 mi_idx it2 mi t ci n) HashJoin(k mk cc cct2 cct1 mi_idx it2 mi t ci n it1) Leading((((((((((k mk) ((cc cct2) cct1)) mi_idx) it2) mi) t) ci) n) it1)) */
"SELECT MIN(mi.info) AS movie_budget, MIN(mi_idx.info) AS movie_votes, MIN(n.name) AS writer, MIN(t.title) AS complete_violent_movie
FROM sampled_complete_cast_1 AS cc,
    sampled_comp_cast_type_1 AS cct1,
    sampled_comp_cast_type_1 AS cct2,
    sampled_cast_info_1 AS ci,
    sampled_info_type_1 AS it1,
    sampled_info_type_1 AS it2,
    sampled_keyword_1 AS k,
    sampled_movie_info_1 AS mi,
    sampled_movie_info_idx_1 AS mi_idx,
    sampled_movie_keyword_1 AS mk,
    sampled_name_1 AS n,
    sampled_title_1 AS t
WHERE t.id = mi.movie_id
AND t.id = mi_idx.movie_id
AND t.id = ci.movie_id
AND t.id = mk.movie_id
AND t.id = cc.movie_id
AND ci.movie_id = mi.movie_id
AND ci.movie_id = mi_idx.movie_id
AND ci.movie_id = mk.movie_id
AND ci.movie_id = cc.movie_id
AND mi.movie_id = mi_idx.movie_id
AND mi.movie_id = mk.movie_id
AND mi.movie_id = cc.movie_id
AND mi_idx.movie_id = mk.movie_id
AND mi_idx.movie_id = cc.movie_id
AND mk.movie_id = cc.movie_id
AND n.id = ci.person_id
AND it1.id = mi.info_type_id
AND it2.id = mi_idx.info_type_id
AND k.id = mk.keyword_id
AND cct1.id = cc.subject_id
AND cct2.id = cc.status_id
AND cct1.kind IN ('cast', 'cast', 'cast', 'cast', 'cast')
AND cct2.kind = 'complete+verified'
AND ci.note IN ('(executive producer)', '(executive producer)', '(executive producer)', '(executive producer)', '(executive producer)')
AND it1.info = 'countries'
AND it2.info = 'top 250 rank'
AND k.keyword IN ('female-nudity', 'female-nudity', 'female-nudity', 'female-nudity', 'female-nudity')
AND mi.info IN ('USA', 'English', 'English', 'USA', 'USA')
AND n.gender = 'm'
AND t.production_year > 1977;",101,/*+  SeqScan(k) IndexScan(mk keyword_id_movie_keyword_1) SeqScan(cc) SeqScan(cct2) SeqScan(cct1) IndexScan(mi_idx movie_id_movie_info_idx_1) SeqScan(it2) IndexScan(mi movie_id_movie_info_1) IndexScan(t sampled_title_1_pkey) IndexScan(ci movie_id_cast_info_1) IndexScan(n sampled_name_1_pkey) SeqScan(it1) NestLoop(k mk) HashJoin(cc cct2) HashJoin(cc cct2 cct1) HashJoin(k mk cc cct2 cct1) NestLoop(k mk cc cct2 cct1 mi_idx) HashJoin(k mk cc cct2 cct1 mi_idx it2) NestLoop(k mk cc cct2 cct1 mi_idx it2 mi) NestLoop(k mk cc cct2 cct1 mi_idx it2 mi t) NestLoop(k mk cc cct2 cct1 mi_idx it2 mi t ci) NestLoop(k mk cc cct2 cct1 mi_idx it2 mi t ci n) HashJoin(k mk cc cct2 cct1 mi_idx it2 mi t ci n it1) Leading((((((((((k mk) ((cc cct2) cct1)) mi_idx) it2) mi) t) ci) n) it1)) */
"SELECT MIN(mi.info) AS movie_budget, MIN(mi_idx.info) AS movie_votes, MIN(n.name) AS writer, MIN(t.title) AS complete_violent_movie
FROM sampled_complete_cast_1 AS cc,
    sampled_comp_cast_type_1 AS cct1,
    sampled_comp_cast_type_1 AS cct2,
    sampled_cast_info_1 AS ci,
    sampled_info_type_1 AS it1,
    sampled_info_type_1 AS it2,
    sampled_keyword_1 AS k,
    sampled_movie_info_1 AS mi,
    sampled_movie_info_idx_1 AS mi_idx,
    sampled_movie_keyword_1 AS mk,
    sampled_name_1 AS n,
    sampled_title_1 AS t
WHERE t.id = mi.movie_id
AND t.id = mi_idx.movie_id
AND t.id = ci.movie_id
AND t.id = mk.movie_id
AND t.id = cc.movie_id
AND ci.movie_id = mi.movie_id
AND ci.movie_id = mi_idx.movie_id
AND ci.movie_id = mk.movie_id
AND ci.movie_id = cc.movie_id
AND mi.movie_id = mi_idx.movie_id
AND mi.movie_id = mk.movie_id
AND mi.movie_id = cc.movie_id
AND mi_idx.movie_id = mk.movie_id
AND mi_idx.movie_id = cc.movie_id
AND mk.movie_id = cc.movie_id
AND n.id = ci.person_id
AND it1.id = mi.info_type_id
AND it2.id = mi_idx.info_type_id
AND k.id = mk.keyword_id
AND cct1.id = cc.subject_id
AND cct2.id = cc.status_id
AND cct1.kind IN ('crew', 'crew', 'crew', 'crew', 'crew')
AND cct2.kind = 'complete'
AND ci.note IN ('(uncredited)', '(uncredited)', '(uncredited)', '(uncredited)', '(uncredited)')
AND it1.info = 'countries'
AND it2.info = 'rating'
AND k.keyword IN ('love', 'police', 'friendship', 'dog', 'rape')
AND mi.info IN ('Short', 'Short', 'Comedy', 'UK', 'UK')
AND n.gender = 'm'
AND t.production_year > 1979;",101,/*+  SeqScan(k) IndexScan(mk keyword_id_movie_keyword_1) SeqScan(cc) SeqScan(cct2) SeqScan(cct1) IndexScan(mi_idx movie_id_movie_info_idx_1) SeqScan(it2) IndexScan(mi movie_id_movie_info_1) IndexScan(t sampled_title_1_pkey) IndexScan(ci movie_id_cast_info_1) IndexScan(n sampled_name_1_pkey) SeqScan(it1) NestLoop(k mk) HashJoin(cc cct2) HashJoin(cc cct2 cct1) HashJoin(k mk cc cct2 cct1) NestLoop(k mk cc cct2 cct1 mi_idx) HashJoin(k mk cc cct2 cct1 mi_idx it2) NestLoop(k mk cc cct2 cct1 mi_idx it2 mi) NestLoop(k mk cc cct2 cct1 mi_idx it2 mi t) NestLoop(k mk cc cct2 cct1 mi_idx it2 mi t ci) NestLoop(k mk cc cct2 cct1 mi_idx it2 mi t ci n) HashJoin(k mk cc cct2 cct1 mi_idx it2 mi t ci n it1) Leading((((((((((k mk) ((cc cct2) cct1)) mi_idx) it2) mi) t) ci) n) it1)) */
"SELECT MIN(mi.info) AS movie_budget, MIN(mi_idx.info) AS movie_votes, MIN(n.name) AS writer, MIN(t.title) AS complete_violent_movie
FROM sampled_complete_cast_1 AS cc,
    sampled_comp_cast_type_1 AS cct1,
    sampled_comp_cast_type_1 AS cct2,
    sampled_cast_info_1 AS ci,
    sampled_info_type_1 AS it1,
    sampled_info_type_1 AS it2,
    sampled_keyword_1 AS k,
    sampled_movie_info_1 AS mi,
    sampled_movie_info_idx_1 AS mi_idx,
    sampled_movie_keyword_1 AS mk,
    sampled_name_1 AS n,
    sampled_title_1 AS t
WHERE t.id = mi.movie_id
AND t.id = mi_idx.movie_id
AND t.id = ci.movie_id
AND t.id = mk.movie_id
AND t.id = cc.movie_id
AND ci.movie_id = mi.movie_id
AND ci.movie_id = mi_idx.movie_id
AND ci.movie_id = mk.movie_id
AND ci.movie_id = cc.movie_id
AND mi.movie_id = mi_idx.movie_id
AND mi.movie_id = mk.movie_id
AND mi.movie_id = cc.movie_id
AND mi_idx.movie_id = mk.movie_id
AND mi_idx.movie_id = cc.movie_id
AND mk.movie_id = cc.movie_id
AND n.id = ci.person_id
AND it1.id = mi.info_type_id
AND it2.id = mi_idx.info_type_id
AND k.id = mk.keyword_id
AND cct1.id = cc.subject_id
AND cct2.id = cc.status_id
AND cct1.kind IN ('crew', 'crew', 'crew', 'crew', 'crew')
AND cct2.kind = 'complete'
AND ci.note IN ('(uncredited)', '(writer)', '(writer)', '(uncredited)', '(uncredited)')
AND it1.info = 'countries'
AND it2.info = 'votes distribution'
AND k.keyword IN ('character-name-in-title', 'independent-film', 'character-name-in-title', 'independent-film', 'character-name-in-title')
AND mi.info IN ('USA', 'USA', 'USA', 'USA', 'USA')
AND n.gender = 'm'
AND t.production_year > 1981;",101,/*+  SeqScan(k) IndexScan(mk keyword_id_movie_keyword_1) SeqScan(cc) SeqScan(cct2) SeqScan(cct1) IndexScan(mi_idx movie_id_movie_info_idx_1) SeqScan(it2) IndexScan(mi movie_id_movie_info_1) IndexScan(t sampled_title_1_pkey) IndexScan(ci movie_id_cast_info_1) IndexScan(n sampled_name_1_pkey) SeqScan(it1) NestLoop(k mk) HashJoin(cc cct2) HashJoin(cc cct2 cct1) HashJoin(k mk cc cct2 cct1) NestLoop(k mk cc cct2 cct1 mi_idx) HashJoin(k mk cc cct2 cct1 mi_idx it2) NestLoop(k mk cc cct2 cct1 mi_idx it2 mi) NestLoop(k mk cc cct2 cct1 mi_idx it2 mi t) NestLoop(k mk cc cct2 cct1 mi_idx it2 mi t ci) NestLoop(k mk cc cct2 cct1 mi_idx it2 mi t ci n) HashJoin(k mk cc cct2 cct1 mi_idx it2 mi t ci n it1) Leading((((((((((k mk) ((cc cct2) cct1)) mi_idx) it2) mi) t) ci) n) it1)) */
"SELECT MIN(mi.info) AS movie_budget, MIN(mi_idx.info) AS movie_votes, MIN(n.name) AS writer, MIN(t.title) AS complete_violent_movie
FROM sampled_complete_cast_1 AS cc,
    sampled_comp_cast_type_1 AS cct1,
    sampled_comp_cast_type_1 AS cct2,
    sampled_cast_info_1 AS ci,
    sampled_info_type_1 AS it1,
    sampled_info_type_1 AS it2,
    sampled_keyword_1 AS k,
    sampled_movie_info_1 AS mi,
    sampled_movie_info_idx_1 AS mi_idx,
    sampled_movie_keyword_1 AS mk,
    sampled_name_1 AS n,
    sampled_title_1 AS t
WHERE t.id = mi.movie_id
AND t.id = mi_idx.movie_id
AND t.id = ci.movie_id
AND t.id = mk.movie_id
AND t.id = cc.movie_id
AND ci.movie_id = mi.movie_id
AND ci.movie_id = mi_idx.movie_id
AND ci.movie_id = mk.movie_id
AND ci.movie_id = cc.movie_id
AND mi.movie_id = mi_idx.movie_id
AND mi.movie_id = mk.movie_id
AND mi.movie_id = cc.movie_id
AND mi_idx.movie_id = mk.movie_id
AND mi_idx.movie_id = cc.movie_id
AND mk.movie_id = cc.movie_id
AND n.id = ci.person_id
AND it1.id = mi.info_type_id
AND it2.id = mi_idx.info_type_id
AND k.id = mk.keyword_id
AND cct1.id = cc.subject_id
AND cct2.id = cc.status_id
AND cct1.kind IN ('cast', 'cast', 'cast', 'cast', 'cast')
AND cct2.kind = 'complete+verified'
AND ci.note IN ('(script supervisor)', '(associate producer)', '(screenplay)', '(screenplay)', '(script supervisor)')
AND it1.info = 'genres'
AND it2.info = 'votes distribution'
AND k.keyword IN ('sex', 'sex', 'sex', 'sex', 'sex')
AND mi.info IN ('Digital/Analog-CX', 'Action', 'Finland:K-16', 'Pan & Scan', 'Australia:M')
AND n.gender = 'm'
AND t.production_year > 1963;",101,/*+  SeqScan(k) IndexScan(mk keyword_id_movie_keyword_1) SeqScan(cc) SeqScan(cct2) SeqScan(cct1) IndexScan(mi_idx movie_id_movie_info_idx_1) SeqScan(it2) IndexScan(mi movie_id_movie_info_1) IndexScan(t sampled_title_1_pkey) IndexScan(ci movie_id_cast_info_1) IndexScan(n sampled_name_1_pkey) SeqScan(it1) NestLoop(k mk) HashJoin(cc cct2) HashJoin(cc cct2 cct1) HashJoin(k mk cc cct2 cct1) NestLoop(k mk cc cct2 cct1 mi_idx) HashJoin(k mk cc cct2 cct1 mi_idx it2) NestLoop(k mk cc cct2 cct1 mi_idx it2 mi) NestLoop(k mk cc cct2 cct1 mi_idx it2 mi t) NestLoop(k mk cc cct2 cct1 mi_idx it2 mi t ci) NestLoop(k mk cc cct2 cct1 mi_idx it2 mi t ci n) HashJoin(k mk cc cct2 cct1 mi_idx it2 mi t ci n it1) Leading((((((((((k mk) ((cc cct2) cct1)) mi_idx) it2) mi) t) ci) n) it1)) */
"SELECT MIN(mi.info) AS movie_budget, MIN(mi_idx.info) AS movie_votes, MIN(n.name) AS writer, MIN(t.title) AS complete_violent_movie
FROM sampled_complete_cast_1 AS cc,
    sampled_comp_cast_type_1 AS cct1,
    sampled_comp_cast_type_1 AS cct2,
    sampled_cast_info_1 AS ci,
    sampled_info_type_1 AS it1,
    sampled_info_type_1 AS it2,
    sampled_keyword_1 AS k,
    sampled_movie_info_1 AS mi,
    sampled_movie_info_idx_1 AS mi_idx,
    sampled_movie_keyword_1 AS mk,
    sampled_name_1 AS n,
    sampled_title_1 AS t
WHERE t.id = mi.movie_id
AND t.id = mi_idx.movie_id
AND t.id = ci.movie_id
AND t.id = mk.movie_id
AND t.id = cc.movie_id
AND ci.movie_id = mi.movie_id
AND ci.movie_id = mi_idx.movie_id
AND ci.movie_id = mk.movie_id
AND ci.movie_id = cc.movie_id
AND mi.movie_id = mi_idx.movie_id
AND mi.movie_id = mk.movie_id
AND mi.movie_id = cc.movie_id
AND mi_idx.movie_id = mk.movie_id
AND mi_idx.movie_id = cc.movie_id
AND mk.movie_id = cc.movie_id
AND n.id = ci.person_id
AND it1.id = mi.info_type_id
AND it2.id = mi_idx.info_type_id
AND k.id = mk.keyword_id
AND cct1.id = cc.subject_id
AND cct2.id = cc.status_id
AND cct1.kind IN ('cast', 'cast', 'cast', 'cast', 'cast')
AND cct2.kind = 'complete+verified'
AND ci.note IN ('(production assistant)', '(story)', '(producer)', '(writer)', '(screenplay)')
AND it1.info = 'genres'
AND it2.info = 'votes distribution'
AND k.keyword IN ('sex', 'sex', 'sex', 'sex', 'sex')
AND mi.info IN ('Drama', 'RAT:1.33 : 1', 'RAT:1.33 : 1', 'RAT:1.33 : 1', 'Drama')
AND n.gender = 'm'
AND t.production_year > 1983;",101,/*+  SeqScan(k) IndexScan(mk keyword_id_movie_keyword_1) SeqScan(cc) SeqScan(cct2) SeqScan(cct1) IndexScan(mi_idx movie_id_movie_info_idx_1) SeqScan(it2) IndexScan(mi movie_id_movie_info_1) IndexScan(t sampled_title_1_pkey) IndexScan(ci movie_id_cast_info_1) IndexScan(n sampled_name_1_pkey) SeqScan(it1) NestLoop(k mk) HashJoin(cc cct2) HashJoin(cc cct2 cct1) HashJoin(k mk cc cct2 cct1) NestLoop(k mk cc cct2 cct1 mi_idx) HashJoin(k mk cc cct2 cct1 mi_idx it2) NestLoop(k mk cc cct2 cct1 mi_idx it2 mi) NestLoop(k mk cc cct2 cct1 mi_idx it2 mi t) NestLoop(k mk cc cct2 cct1 mi_idx it2 mi t ci) NestLoop(k mk cc cct2 cct1 mi_idx it2 mi t ci n) HashJoin(k mk cc cct2 cct1 mi_idx it2 mi t ci n it1) Leading((((((((((k mk) ((cc cct2) cct1)) mi_idx) it2) mi) t) ci) n) it1)) */
"SELECT MIN(mi.info) AS movie_budget, MIN(mi_idx.info) AS movie_votes, MIN(n.name) AS writer, MIN(t.title) AS complete_violent_movie
FROM sampled_complete_cast_1 AS cc,
    sampled_comp_cast_type_1 AS cct1,
    sampled_comp_cast_type_1 AS cct2,
    sampled_cast_info_1 AS ci,
    sampled_info_type_1 AS it1,
    sampled_info_type_1 AS it2,
    sampled_keyword_1 AS k,
    sampled_movie_info_1 AS mi,
    sampled_movie_info_idx_1 AS mi_idx,
    sampled_movie_keyword_1 AS mk,
    sampled_name_1 AS n,
    sampled_title_1 AS t
WHERE t.id = mi.movie_id
AND t.id = mi_idx.movie_id
AND t.id = ci.movie_id
AND t.id = mk.movie_id
AND t.id = cc.movie_id
AND ci.movie_id = mi.movie_id
AND ci.movie_id = mi_idx.movie_id
AND ci.movie_id = mk.movie_id
AND ci.movie_id = cc.movie_id
AND mi.movie_id = mi_idx.movie_id
AND mi.movie_id = mk.movie_id
AND mi.movie_id = cc.movie_id
AND mi_idx.movie_id = mk.movie_id
AND mi_idx.movie_id = cc.movie_id
AND mk.movie_id = cc.movie_id
AND n.id = ci.person_id
AND it1.id = mi.info_type_id
AND it2.id = mi_idx.info_type_id
AND k.id = mk.keyword_id
AND cct1.id = cc.subject_id
AND cct2.id = cc.status_id
AND cct1.kind IN ('crew', 'crew', 'crew', 'crew', 'crew')
AND cct2.kind = 'complete+verified'
AND ci.note IN ('(producer)', '(producer)', '(producer)', '(uncredited)', '(producer)')
AND it1.info = 'genres'
AND it2.info = 'top 250 rank'
AND k.keyword IN ('based-on-novel', 'based-on-novel', 'based-on-novel', 'based-on-novel', 'based-on-novel')
AND mi.info IN ('PFM:35 mm', 'Drama', 'RAT:1.33 : 1', 'OFM:35 mm', 'Mono')
AND n.gender = 'm'
AND t.production_year > 1987;",101,/*+  SeqScan(k) IndexScan(mk keyword_id_movie_keyword_1) SeqScan(cc) SeqScan(cct2) SeqScan(cct1) IndexScan(mi_idx movie_id_movie_info_idx_1) SeqScan(it2) IndexScan(mi movie_id_movie_info_1) IndexScan(t sampled_title_1_pkey) IndexScan(ci movie_id_cast_info_1) IndexScan(n sampled_name_1_pkey) SeqScan(it1) NestLoop(k mk) HashJoin(cc cct2) HashJoin(cc cct2 cct1) HashJoin(k mk cc cct2 cct1) NestLoop(k mk cc cct2 cct1 mi_idx) HashJoin(k mk cc cct2 cct1 mi_idx it2) NestLoop(k mk cc cct2 cct1 mi_idx it2 mi) NestLoop(k mk cc cct2 cct1 mi_idx it2 mi t) NestLoop(k mk cc cct2 cct1 mi_idx it2 mi t ci) NestLoop(k mk cc cct2 cct1 mi_idx it2 mi t ci n) HashJoin(k mk cc cct2 cct1 mi_idx it2 mi t ci n it1) Leading((((((((((k mk) ((cc cct2) cct1)) mi_idx) it2) mi) t) ci) n) it1)) */
"SELECT MIN(mi.info) AS movie_budget, MIN(mi_idx.info) AS movie_votes, MIN(n.name) AS writer, MIN(t.title) AS complete_violent_movie
FROM sampled_complete_cast_1 AS cc,
    sampled_comp_cast_type_1 AS cct1,
    sampled_comp_cast_type_1 AS cct2,
    sampled_cast_info_1 AS ci,
    sampled_info_type_1 AS it1,
    sampled_info_type_1 AS it2,
    sampled_keyword_1 AS k,
    sampled_movie_info_1 AS mi,
    sampled_movie_info_idx_1 AS mi_idx,
    sampled_movie_keyword_1 AS mk,
    sampled_name_1 AS n,
    sampled_title_1 AS t
WHERE t.id = mi.movie_id
AND t.id = mi_idx.movie_id
AND t.id = ci.movie_id
AND t.id = mk.movie_id
AND t.id = cc.movie_id
AND ci.movie_id = mi.movie_id
AND ci.movie_id = mi_idx.movie_id
AND ci.movie_id = mk.movie_id
AND ci.movie_id = cc.movie_id
AND mi.movie_id = mi_idx.movie_id
AND mi.movie_id = mk.movie_id
AND mi.movie_id = cc.movie_id
AND mi_idx.movie_id = mk.movie_id
AND mi_idx.movie_id = cc.movie_id
AND mk.movie_id = cc.movie_id
AND n.id = ci.person_id
AND it1.id = mi.info_type_id
AND it2.id = mi_idx.info_type_id
AND k.id = mk.keyword_id
AND cct1.id = cc.subject_id
AND cct2.id = cc.status_id
AND cct1.kind IN ('cast', 'cast', 'cast', 'cast', 'cast')
AND cct2.kind = 'complete+verified'
AND ci.note IN ('(set and construction medic) (uncredited)', '(as Mike Vickers)', '(as Raja R. Gosnell)', '(assistant technical advisor) (as Acchut Gupte)', '(as Cathryn DePrume)')
AND it1.info = 'genres'
AND it2.info = 'rating'
AND k.keyword IN ('murder', 'murder', 'murder', 'murder', 'murder')
AND mi.info IN ('Comedy', 'UK', 'Documentary', 'UK', 'UK')
AND n.gender = 'm'
AND t.production_year > 1971;",101,/*+  SeqScan(k) IndexScan(mk keyword_id_movie_keyword_1) SeqScan(cc) SeqScan(cct2) SeqScan(cct1) IndexScan(mi_idx movie_id_movie_info_idx_1) SeqScan(it2) IndexScan(mi movie_id_movie_info_1) IndexScan(t sampled_title_1_pkey) IndexScan(ci movie_id_cast_info_1) IndexScan(n sampled_name_1_pkey) SeqScan(it1) NestLoop(k mk) HashJoin(cc cct2) HashJoin(cc cct2 cct1) HashJoin(k mk cc cct2 cct1) NestLoop(k mk cc cct2 cct1 mi_idx) HashJoin(k mk cc cct2 cct1 mi_idx it2) NestLoop(k mk cc cct2 cct1 mi_idx it2 mi) NestLoop(k mk cc cct2 cct1 mi_idx it2 mi t) NestLoop(k mk cc cct2 cct1 mi_idx it2 mi t ci) NestLoop(k mk cc cct2 cct1 mi_idx it2 mi t ci n) HashJoin(k mk cc cct2 cct1 mi_idx it2 mi t ci n it1) Leading((((((((((k mk) ((cc cct2) cct1)) mi_idx) it2) mi) t) ci) n) it1)) */
"SELECT MIN(mi.info) AS movie_budget, MIN(mi_idx.info) AS movie_votes, MIN(n.name) AS writer, MIN(t.title) AS complete_violent_movie
FROM sampled_complete_cast_1 AS cc,
    sampled_comp_cast_type_1 AS cct1,
    sampled_comp_cast_type_1 AS cct2,
    sampled_cast_info_1 AS ci,
    sampled_info_type_1 AS it1,
    sampled_info_type_1 AS it2,
    sampled_keyword_1 AS k,
    sampled_movie_info_1 AS mi,
    sampled_movie_info_idx_1 AS mi_idx,
    sampled_movie_keyword_1 AS mk,
    sampled_name_1 AS n,
    sampled_title_1 AS t
WHERE t.id = mi.movie_id
AND t.id = mi_idx.movie_id
AND t.id = ci.movie_id
AND t.id = mk.movie_id
AND t.id = cc.movie_id
AND ci.movie_id = mi.movie_id
AND ci.movie_id = mi_idx.movie_id
AND ci.movie_id = mk.movie_id
AND ci.movie_id = cc.movie_id
AND mi.movie_id = mi_idx.movie_id
AND mi.movie_id = mk.movie_id
AND mi.movie_id = cc.movie_id
AND mi_idx.movie_id = mk.movie_id
AND mi_idx.movie_id = cc.movie_id
AND mk.movie_id = cc.movie_id
AND n.id = ci.person_id
AND it1.id = mi.info_type_id
AND it2.id = mi_idx.info_type_id
AND k.id = mk.keyword_id
AND cct1.id = cc.subject_id
AND cct2.id = cc.status_id
AND cct1.kind IN ('cast', 'cast', 'cast', 'cast', 'cast')
AND cct2.kind = 'complete'
AND ci.note IN ('(production assistant)', '(production assistant)', '(executive producer)', '(production assistant)', '(production assistant)')
AND it1.info = 'countries'
AND it2.info = 'rating'
AND k.keyword IN ('sex', 'sex', 'sex', 'sex', 'sex')
AND mi.info IN ('Finland:K-16', 'USA', 'PFM:35 mm', 'RAT:2.35 : 1', 'Dolby Surround')
AND n.gender = 'm'
AND t.production_year > 1974;",101,/*+  SeqScan(k) IndexScan(mk keyword_id_movie_keyword_1) SeqScan(cc) SeqScan(cct2) SeqScan(cct1) IndexScan(mi_idx movie_id_movie_info_idx_1) SeqScan(it2) IndexScan(mi movie_id_movie_info_1) IndexScan(t sampled_title_1_pkey) IndexScan(ci movie_id_cast_info_1) IndexScan(n sampled_name_1_pkey) SeqScan(it1) NestLoop(k mk) HashJoin(cc cct2) HashJoin(cc cct2 cct1) HashJoin(k mk cc cct2 cct1) NestLoop(k mk cc cct2 cct1 mi_idx) HashJoin(k mk cc cct2 cct1 mi_idx it2) NestLoop(k mk cc cct2 cct1 mi_idx it2 mi) NestLoop(k mk cc cct2 cct1 mi_idx it2 mi t) NestLoop(k mk cc cct2 cct1 mi_idx it2 mi t ci) NestLoop(k mk cc cct2 cct1 mi_idx it2 mi t ci n) HashJoin(k mk cc cct2 cct1 mi_idx it2 mi t ci n it1) Leading((((((((((k mk) ((cc cct2) cct1)) mi_idx) it2) mi) t) ci) n) it1)) */
"SELECT MIN(mi.info) AS movie_budget, MIN(mi_idx.info) AS movie_votes, MIN(n.name) AS writer, MIN(t.title) AS complete_violent_movie
FROM sampled_complete_cast_1 AS cc,
    sampled_comp_cast_type_1 AS cct1,
    sampled_comp_cast_type_1 AS cct2,
    sampled_cast_info_1 AS ci,
    sampled_info_type_1 AS it1,
    sampled_info_type_1 AS it2,
    sampled_keyword_1 AS k,
    sampled_movie_info_1 AS mi,
    sampled_movie_info_idx_1 AS mi_idx,
    sampled_movie_keyword_1 AS mk,
    sampled_name_1 AS n,
    sampled_title_1 AS t
WHERE t.id = mi.movie_id
AND t.id = mi_idx.movie_id
AND t.id = ci.movie_id
AND t.id = mk.movie_id
AND t.id = cc.movie_id
AND ci.movie_id = mi.movie_id
AND ci.movie_id = mi_idx.movie_id
AND ci.movie_id = mk.movie_id
AND ci.movie_id = cc.movie_id
AND mi.movie_id = mi_idx.movie_id
AND mi.movie_id = mk.movie_id
AND mi.movie_id = cc.movie_id
AND mi_idx.movie_id = mk.movie_id
AND mi_idx.movie_id = cc.movie_id
AND mk.movie_id = cc.movie_id
AND n.id = ci.person_id
AND it1.id = mi.info_type_id
AND it2.id = mi_idx.info_type_id
AND k.id = mk.keyword_id
AND cct1.id = cc.subject_id
AND cct2.id = cc.status_id
AND cct1.kind IN ('cast', 'cast', 'cast', 'cast', 'cast')
AND cct2.kind = 'complete+verified'
AND ci.note IN ('(voice)', '(executive producer)', '(written by)', '(uncredited)', '(creator)')
AND it1.info = 'countries'
AND it2.info = 'votes distribution'
AND k.keyword IN ('skÃ¥ne', 'stigma', 'boer', 'saxony', 'talking-anus')
AND mi.info IN ('English', 'English', 'English', 'USA', 'English')
AND n.gender = 'm'
AND t.production_year > 1977;",101,/*+  SeqScan(k) IndexScan(mk keyword_id_movie_keyword_1) SeqScan(cc) SeqScan(cct2) SeqScan(cct1) IndexScan(mi_idx movie_id_movie_info_idx_1) SeqScan(it2) IndexScan(mi movie_id_movie_info_1) IndexScan(t sampled_title_1_pkey) IndexScan(ci movie_id_cast_info_1) IndexScan(n sampled_name_1_pkey) SeqScan(it1) NestLoop(k mk) HashJoin(cc cct2) HashJoin(cc cct2 cct1) HashJoin(k mk cc cct2 cct1) NestLoop(k mk cc cct2 cct1 mi_idx) HashJoin(k mk cc cct2 cct1 mi_idx it2) NestLoop(k mk cc cct2 cct1 mi_idx it2 mi) NestLoop(k mk cc cct2 cct1 mi_idx it2 mi t) NestLoop(k mk cc cct2 cct1 mi_idx it2 mi t ci) NestLoop(k mk cc cct2 cct1 mi_idx it2 mi t ci n) HashJoin(k mk cc cct2 cct1 mi_idx it2 mi t ci n it1) Leading((((((((((k mk) ((cc cct2) cct1)) mi_idx) it2) mi) t) ci) n) it1)) */
"SELECT MIN(mi.info) AS movie_budget, MIN(mi_idx.info) AS movie_votes, MIN(n.name) AS writer, MIN(t.title) AS complete_violent_movie
FROM sampled_complete_cast_1 AS cc,
    sampled_comp_cast_type_1 AS cct1,
    sampled_comp_cast_type_1 AS cct2,
    sampled_cast_info_1 AS ci,
    sampled_info_type_1 AS it1,
    sampled_info_type_1 AS it2,
    sampled_keyword_1 AS k,
    sampled_movie_info_1 AS mi,
    sampled_movie_info_idx_1 AS mi_idx,
    sampled_movie_keyword_1 AS mk,
    sampled_name_1 AS n,
    sampled_title_1 AS t
WHERE t.id = mi.movie_id
AND t.id = mi_idx.movie_id
AND t.id = ci.movie_id
AND t.id = mk.movie_id
AND t.id = cc.movie_id
AND ci.movie_id = mi.movie_id
AND ci.movie_id = mi_idx.movie_id
AND ci.movie_id = mk.movie_id
AND ci.movie_id = cc.movie_id
AND mi.movie_id = mi_idx.movie_id
AND mi.movie_id = mk.movie_id
AND mi.movie_id = cc.movie_id
AND mi_idx.movie_id = mk.movie_id
AND mi_idx.movie_id = cc.movie_id
AND mk.movie_id = cc.movie_id
AND n.id = ci.person_id
AND it1.id = mi.info_type_id
AND it2.id = mi_idx.info_type_id
AND k.id = mk.keyword_id
AND cct1.id = cc.subject_id
AND cct2.id = cc.status_id
AND cct1.kind IN ('crew', 'crew', 'crew', 'crew', 'crew')
AND cct2.kind = 'complete+verified'
AND ci.note IN ('(producer)', '(producer)', '(producer)', '(producer)', '(producer)')
AND it1.info = 'genres'
AND it2.info = 'rating'
AND k.keyword IN ('female-nudity', 'female-nudity', 'female-nudity', 'female-nudity', 'female-nudity')
AND mi.info IN ('RAT:1.33 : 1', 'Drama', 'English', 'Drama', 'English')
AND n.gender = 'm'
AND t.production_year > 1987;",101,/*+  SeqScan(k) IndexScan(mk keyword_id_movie_keyword_1) SeqScan(cc) SeqScan(cct2) SeqScan(cct1) IndexScan(mi_idx movie_id_movie_info_idx_1) SeqScan(it2) IndexScan(mi movie_id_movie_info_1) IndexScan(t sampled_title_1_pkey) IndexScan(ci movie_id_cast_info_1) IndexScan(n sampled_name_1_pkey) SeqScan(it1) NestLoop(k mk) HashJoin(cc cct2) HashJoin(cc cct2 cct1) HashJoin(k mk cc cct2 cct1) NestLoop(k mk cc cct2 cct1 mi_idx) HashJoin(k mk cc cct2 cct1 mi_idx it2) NestLoop(k mk cc cct2 cct1 mi_idx it2 mi) NestLoop(k mk cc cct2 cct1 mi_idx it2 mi t) NestLoop(k mk cc cct2 cct1 mi_idx it2 mi t ci) NestLoop(k mk cc cct2 cct1 mi_idx it2 mi t ci n) HashJoin(k mk cc cct2 cct1 mi_idx it2 mi t ci n it1) Leading((((((((((k mk) ((cc cct2) cct1)) mi_idx) it2) mi) t) ci) n) it1)) */
"SELECT MIN(mi.info) AS movie_budget, MIN(mi_idx.info) AS movie_votes, MIN(n.name) AS writer, MIN(t.title) AS complete_violent_movie
FROM sampled_complete_cast_1 AS cc,
    sampled_comp_cast_type_1 AS cct1,
    sampled_comp_cast_type_1 AS cct2,
    sampled_cast_info_1 AS ci,
    sampled_info_type_1 AS it1,
    sampled_info_type_1 AS it2,
    sampled_keyword_1 AS k,
    sampled_movie_info_1 AS mi,
    sampled_movie_info_idx_1 AS mi_idx,
    sampled_movie_keyword_1 AS mk,
    sampled_name_1 AS n,
    sampled_title_1 AS t
WHERE t.id = mi.movie_id
AND t.id = mi_idx.movie_id
AND t.id = ci.movie_id
AND t.id = mk.movie_id
AND t.id = cc.movie_id
AND ci.movie_id = mi.movie_id
AND ci.movie_id = mi_idx.movie_id
AND ci.movie_id = mk.movie_id
AND ci.movie_id = cc.movie_id
AND mi.movie_id = mi_idx.movie_id
AND mi.movie_id = mk.movie_id
AND mi.movie_id = cc.movie_id
AND mi_idx.movie_id = mk.movie_id
AND mi_idx.movie_id = cc.movie_id
AND mk.movie_id = cc.movie_id
AND n.id = ci.person_id
AND it1.id = mi.info_type_id
AND it2.id = mi_idx.info_type_id
AND k.id = mk.keyword_id
AND cct1.id = cc.subject_id
AND cct2.id = cc.status_id
AND cct1.kind IN ('cast', 'cast', 'cast', 'cast', 'cast')
AND cct2.kind = 'complete'
AND ci.note IN ('(executive producer)', '(production assistant)', '(executive producer)', '(production assistant)', '(executive producer)')
AND it1.info = 'genres'
AND it2.info = 'votes'
AND k.keyword IN ('sex', 'sex', 'sex', 'sex', 'sex')
AND mi.info IN ('USA', 'NTSC', 'Comedy', 'OFM:35 mm', 'USA')
AND n.gender = 'm'
AND t.production_year > 1961;",101,/*+  SeqScan(k) IndexScan(mk keyword_id_movie_keyword_1) SeqScan(cc) SeqScan(cct2) SeqScan(cct1) IndexScan(mi_idx movie_id_movie_info_idx_1) SeqScan(it2) IndexScan(mi movie_id_movie_info_1) IndexScan(t sampled_title_1_pkey) IndexScan(ci movie_id_cast_info_1) IndexScan(n sampled_name_1_pkey) SeqScan(it1) NestLoop(k mk) HashJoin(cc cct2) HashJoin(cc cct2 cct1) HashJoin(k mk cc cct2 cct1) NestLoop(k mk cc cct2 cct1 mi_idx) HashJoin(k mk cc cct2 cct1 mi_idx it2) NestLoop(k mk cc cct2 cct1 mi_idx it2 mi) NestLoop(k mk cc cct2 cct1 mi_idx it2 mi t) NestLoop(k mk cc cct2 cct1 mi_idx it2 mi t ci) NestLoop(k mk cc cct2 cct1 mi_idx it2 mi t ci n) HashJoin(k mk cc cct2 cct1 mi_idx it2 mi t ci n it1) Leading((((((((((k mk) ((cc cct2) cct1)) mi_idx) it2) mi) t) ci) n) it1)) */
"SELECT MIN(mi.info) AS movie_budget, MIN(mi_idx.info) AS movie_votes, MIN(n.name) AS writer, MIN(t.title) AS complete_violent_movie
FROM sampled_complete_cast_1 AS cc,
    sampled_comp_cast_type_1 AS cct1,
    sampled_comp_cast_type_1 AS cct2,
    sampled_cast_info_1 AS ci,
    sampled_info_type_1 AS it1,
    sampled_info_type_1 AS it2,
    sampled_keyword_1 AS k,
    sampled_movie_info_1 AS mi,
    sampled_movie_info_idx_1 AS mi_idx,
    sampled_movie_keyword_1 AS mk,
    sampled_name_1 AS n,
    sampled_title_1 AS t
WHERE t.id = mi.movie_id
AND t.id = mi_idx.movie_id
AND t.id = ci.movie_id
AND t.id = mk.movie_id
AND t.id = cc.movie_id
AND ci.movie_id = mi.movie_id
AND ci.movie_id = mi_idx.movie_id
AND ci.movie_id = mk.movie_id
AND ci.movie_id = cc.movie_id
AND mi.movie_id = mi_idx.movie_id
AND mi.movie_id = mk.movie_id
AND mi.movie_id = cc.movie_id
AND mi_idx.movie_id = mk.movie_id
AND mi_idx.movie_id = cc.movie_id
AND mk.movie_id = cc.movie_id
AND n.id = ci.person_id
AND it1.id = mi.info_type_id
AND it2.id = mi_idx.info_type_id
AND k.id = mk.keyword_id
AND cct1.id = cc.subject_id
AND cct2.id = cc.status_id
AND cct1.kind IN ('crew', 'crew', 'crew', 'crew', 'crew')
AND cct2.kind = 'complete'
AND ci.note IN ('(uncredited)', '(uncredited)', '(uncredited)', '(uncredited)', '(uncredited)')
AND it1.info = 'genres'
AND it2.info = 'rating'
AND k.keyword IN ('one-word-title', 'two-word-title', 'erotica', 'family-relationships', 'family-relationships')
AND mi.info IN ('Australia:M', 'Action', 'Thriller', 'UK:15', 'Letterbox')
AND n.gender = 'm'
AND t.production_year > 1966;",101,/*+  SeqScan(k) IndexScan(mk keyword_id_movie_keyword_1) SeqScan(cc) SeqScan(cct2) SeqScan(cct1) IndexScan(mi_idx movie_id_movie_info_idx_1) SeqScan(it2) IndexScan(mi movie_id_movie_info_1) IndexScan(t sampled_title_1_pkey) IndexScan(ci movie_id_cast_info_1) IndexScan(n sampled_name_1_pkey) SeqScan(it1) NestLoop(k mk) HashJoin(cc cct2) HashJoin(cc cct2 cct1) HashJoin(k mk cc cct2 cct1) NestLoop(k mk cc cct2 cct1 mi_idx) HashJoin(k mk cc cct2 cct1 mi_idx it2) NestLoop(k mk cc cct2 cct1 mi_idx it2 mi) NestLoop(k mk cc cct2 cct1 mi_idx it2 mi t) NestLoop(k mk cc cct2 cct1 mi_idx it2 mi t ci) NestLoop(k mk cc cct2 cct1 mi_idx it2 mi t ci n) HashJoin(k mk cc cct2 cct1 mi_idx it2 mi t ci n it1) Leading((((((((((k mk) ((cc cct2) cct1)) mi_idx) it2) mi) t) ci) n) it1)) */
"SELECT MIN(mi.info) AS movie_budget, MIN(mi_idx.info) AS movie_votes, MIN(n.name) AS writer, MIN(t.title) AS complete_violent_movie
FROM sampled_complete_cast_1 AS cc,
    sampled_comp_cast_type_1 AS cct1,
    sampled_comp_cast_type_1 AS cct2,
    sampled_cast_info_1 AS ci,
    sampled_info_type_1 AS it1,
    sampled_info_type_1 AS it2,
    sampled_keyword_1 AS k,
    sampled_movie_info_1 AS mi,
    sampled_movie_info_idx_1 AS mi_idx,
    sampled_movie_keyword_1 AS mk,
    sampled_name_1 AS n,
    sampled_title_1 AS t
WHERE t.id = mi.movie_id
AND t.id = mi_idx.movie_id
AND t.id = ci.movie_id
AND t.id = mk.movie_id
AND t.id = cc.movie_id
AND ci.movie_id = mi.movie_id
AND ci.movie_id = mi_idx.movie_id
AND ci.movie_id = mk.movie_id
AND ci.movie_id = cc.movie_id
AND mi.movie_id = mi_idx.movie_id
AND mi.movie_id = mk.movie_id
AND mi.movie_id = cc.movie_id
AND mi_idx.movie_id = mk.movie_id
AND mi_idx.movie_id = cc.movie_id
AND mk.movie_id = cc.movie_id
AND n.id = ci.person_id
AND it1.id = mi.info_type_id
AND it2.id = mi_idx.info_type_id
AND k.id = mk.keyword_id
AND cct1.id = cc.subject_id
AND cct2.id = cc.status_id
AND cct1.kind IN ('cast', 'cast', 'cast', 'cast', 'cast')
AND cct2.kind = 'complete+verified'
AND ci.note IN ('(voice)', '(executive producer)', '(producer)', '(voice)', '(producer)')
AND it1.info = 'genres'
AND it2.info = 'rating'
AND k.keyword IN ('independent-film', 'character-name-in-title', 'character-name-in-title', 'character-name-in-title', 'independent-film')
AND mi.info IN ('Black and White', 'Drama', 'Drama', 'Black and White', 'Black and White')
AND n.gender = 'm'
AND t.production_year > 1985;",101,/*+  SeqScan(k) IndexScan(mk keyword_id_movie_keyword_1) SeqScan(cc) SeqScan(cct2) SeqScan(cct1) IndexScan(mi_idx movie_id_movie_info_idx_1) SeqScan(it2) IndexScan(mi movie_id_movie_info_1) IndexScan(t sampled_title_1_pkey) IndexScan(ci movie_id_cast_info_1) IndexScan(n sampled_name_1_pkey) SeqScan(it1) NestLoop(k mk) HashJoin(cc cct2) HashJoin(cc cct2 cct1) HashJoin(k mk cc cct2 cct1) NestLoop(k mk cc cct2 cct1 mi_idx) HashJoin(k mk cc cct2 cct1 mi_idx it2) NestLoop(k mk cc cct2 cct1 mi_idx it2 mi) NestLoop(k mk cc cct2 cct1 mi_idx it2 mi t) NestLoop(k mk cc cct2 cct1 mi_idx it2 mi t ci) NestLoop(k mk cc cct2 cct1 mi_idx it2 mi t ci n) HashJoin(k mk cc cct2 cct1 mi_idx it2 mi t ci n it1) Leading((((((((((k mk) ((cc cct2) cct1)) mi_idx) it2) mi) t) ci) n) it1)) */
"SELECT MIN(mi.info) AS movie_budget, MIN(mi_idx.info) AS movie_votes, MIN(n.name) AS writer, MIN(t.title) AS complete_violent_movie
FROM sampled_complete_cast_1 AS cc,
    sampled_comp_cast_type_1 AS cct1,
    sampled_comp_cast_type_1 AS cct2,
    sampled_cast_info_1 AS ci,
    sampled_info_type_1 AS it1,
    sampled_info_type_1 AS it2,
    sampled_keyword_1 AS k,
    sampled_movie_info_1 AS mi,
    sampled_movie_info_idx_1 AS mi_idx,
    sampled_movie_keyword_1 AS mk,
    sampled_name_1 AS n,
    sampled_title_1 AS t
WHERE t.id = mi.movie_id
AND t.id = mi_idx.movie_id
AND t.id = ci.movie_id
AND t.id = mk.movie_id
AND t.id = cc.movie_id
AND ci.movie_id = mi.movie_id
AND ci.movie_id = mi_idx.movie_id
AND ci.movie_id = mk.movie_id
AND ci.movie_id = cc.movie_id
AND mi.movie_id = mi_idx.movie_id
AND mi.movie_id = mk.movie_id
AND mi.movie_id = cc.movie_id
AND mi_idx.movie_id = mk.movie_id
AND mi_idx.movie_id = cc.movie_id
AND mk.movie_id = cc.movie_id
AND n.id = ci.person_id
AND it1.id = mi.info_type_id
AND it2.id = mi_idx.info_type_id
AND k.id = mk.keyword_id
AND cct1.id = cc.subject_id
AND cct2.id = cc.status_id
AND cct1.kind IN ('cast', 'cast', 'cast', 'cast', 'cast')
AND cct2.kind = 'complete'
AND ci.note IN ('(associate producer)', '(co-producer)', '(co-producer)', '(executive producer)', '(production coordinator)')
AND it1.info = 'countries'
AND it2.info = 'votes'
AND k.keyword IN ('female-nudity', 'female-nudity', 'female-nudity', 'female-nudity', 'female-nudity')
AND mi.info IN ('USA', 'USA', 'USA', 'USA', 'USA')
AND n.gender = 'm'
AND t.production_year > 1990;",101,/*+  SeqScan(k) IndexScan(mk keyword_id_movie_keyword_1) SeqScan(cc) SeqScan(cct2) SeqScan(cct1) IndexScan(mi_idx movie_id_movie_info_idx_1) SeqScan(it2) IndexScan(mi movie_id_movie_info_1) IndexScan(t sampled_title_1_pkey) IndexScan(ci movie_id_cast_info_1) IndexScan(n sampled_name_1_pkey) SeqScan(it1) NestLoop(k mk) HashJoin(cc cct2) HashJoin(cc cct2 cct1) HashJoin(k mk cc cct2 cct1) NestLoop(k mk cc cct2 cct1 mi_idx) HashJoin(k mk cc cct2 cct1 mi_idx it2) NestLoop(k mk cc cct2 cct1 mi_idx it2 mi) NestLoop(k mk cc cct2 cct1 mi_idx it2 mi t) NestLoop(k mk cc cct2 cct1 mi_idx it2 mi t ci) NestLoop(k mk cc cct2 cct1 mi_idx it2 mi t ci n) HashJoin(k mk cc cct2 cct1 mi_idx it2 mi t ci n it1) Leading((((((((((k mk) ((cc cct2) cct1)) mi_idx) it2) mi) t) ci) n) it1)) */
"SELECT MIN(mi.info) AS movie_budget, MIN(mi_idx.info) AS movie_votes, MIN(n.name) AS writer, MIN(t.title) AS complete_violent_movie
FROM sampled_complete_cast_1 AS cc,
    sampled_comp_cast_type_1 AS cct1,
    sampled_comp_cast_type_1 AS cct2,
    sampled_cast_info_1 AS ci,
    sampled_info_type_1 AS it1,
    sampled_info_type_1 AS it2,
    sampled_keyword_1 AS k,
    sampled_movie_info_1 AS mi,
    sampled_movie_info_idx_1 AS mi_idx,
    sampled_movie_keyword_1 AS mk,
    sampled_name_1 AS n,
    sampled_title_1 AS t
WHERE t.id = mi.movie_id
AND t.id = mi_idx.movie_id
AND t.id = ci.movie_id
AND t.id = mk.movie_id
AND t.id = cc.movie_id
AND ci.movie_id = mi.movie_id
AND ci.movie_id = mi_idx.movie_id
AND ci.movie_id = mk.movie_id
AND ci.movie_id = cc.movie_id
AND mi.movie_id = mi_idx.movie_id
AND mi.movie_id = mk.movie_id
AND mi.movie_id = cc.movie_id
AND mi_idx.movie_id = mk.movie_id
AND mi_idx.movie_id = cc.movie_id
AND mk.movie_id = cc.movie_id
AND n.id = ci.person_id
AND it1.id = mi.info_type_id
AND it2.id = mi_idx.info_type_id
AND k.id = mk.keyword_id
AND cct1.id = cc.subject_id
AND cct2.id = cc.status_id
AND cct1.kind IN ('crew', 'crew', 'crew', 'crew', 'crew')
AND cct2.kind = 'complete+verified'
AND ci.note IN ('(uncredited)', '(uncredited)', '(uncredited)', '(uncredited)', '(uncredited)')
AND it1.info = 'genres'
AND it2.info = 'votes distribution'
AND k.keyword IN ('sex', 'sex', 'sex', 'sex', 'sex')
AND mi.info IN ('Comedy', 'Comedy', 'Comedy', 'Comedy', 'Comedy')
AND n.gender = 'm'
AND t.production_year > 1983;",101,/*+  SeqScan(k) IndexScan(mk keyword_id_movie_keyword_1) SeqScan(cc) SeqScan(cct2) SeqScan(cct1) IndexScan(mi_idx movie_id_movie_info_idx_1) SeqScan(it2) IndexScan(mi movie_id_movie_info_1) IndexScan(t sampled_title_1_pkey) IndexScan(ci movie_id_cast_info_1) IndexScan(n sampled_name_1_pkey) SeqScan(it1) NestLoop(k mk) HashJoin(cc cct2) HashJoin(cc cct2 cct1) HashJoin(k mk cc cct2 cct1) NestLoop(k mk cc cct2 cct1 mi_idx) HashJoin(k mk cc cct2 cct1 mi_idx it2) NestLoop(k mk cc cct2 cct1 mi_idx it2 mi) NestLoop(k mk cc cct2 cct1 mi_idx it2 mi t) NestLoop(k mk cc cct2 cct1 mi_idx it2 mi t ci) NestLoop(k mk cc cct2 cct1 mi_idx it2 mi t ci n) HashJoin(k mk cc cct2 cct1 mi_idx it2 mi t ci n it1) Leading((((((((((k mk) ((cc cct2) cct1)) mi_idx) it2) mi) t) ci) n) it1)) */
"SELECT MIN(mi.info) AS movie_budget, MIN(mi_idx.info) AS movie_votes, MIN(n.name) AS writer, MIN(t.title) AS complete_violent_movie
FROM sampled_complete_cast_1 AS cc,
    sampled_comp_cast_type_1 AS cct1,
    sampled_comp_cast_type_1 AS cct2,
    sampled_cast_info_1 AS ci,
    sampled_info_type_1 AS it1,
    sampled_info_type_1 AS it2,
    sampled_keyword_1 AS k,
    sampled_movie_info_1 AS mi,
    sampled_movie_info_idx_1 AS mi_idx,
    sampled_movie_keyword_1 AS mk,
    sampled_name_1 AS n,
    sampled_title_1 AS t
WHERE t.id = mi.movie_id
AND t.id = mi_idx.movie_id
AND t.id = ci.movie_id
AND t.id = mk.movie_id
AND t.id = cc.movie_id
AND ci.movie_id = mi.movie_id
AND ci.movie_id = mi_idx.movie_id
AND ci.movie_id = mk.movie_id
AND ci.movie_id = cc.movie_id
AND mi.movie_id = mi_idx.movie_id
AND mi.movie_id = mk.movie_id
AND mi.movie_id = cc.movie_id
AND mi_idx.movie_id = mk.movie_id
AND mi_idx.movie_id = cc.movie_id
AND mk.movie_id = cc.movie_id
AND n.id = ci.person_id
AND it1.id = mi.info_type_id
AND it2.id = mi_idx.info_type_id
AND k.id = mk.keyword_id
AND cct1.id = cc.subject_id
AND cct2.id = cc.status_id
AND cct1.kind IN ('cast', 'cast', 'cast', 'cast', 'cast')
AND cct2.kind = 'complete'
AND ci.note IN ('(voice)', '(production assistant)', '(voice)', '(voice)', '(production assistant)')
AND it1.info = 'genres'
AND it2.info = 'votes'
AND k.keyword IN ('character-name-in-title', 'independent-film', 'independent-film', 'independent-film', 'independent-film')
AND mi.info IN ('Drama', 'RAT:1.33 : 1', 'Drama', 'RAT:1.33 : 1', 'RAT:1.33 : 1')
AND n.gender = 'm'
AND t.production_year > 1979;",101,/*+  SeqScan(k) IndexScan(mk keyword_id_movie_keyword_1) SeqScan(cc) SeqScan(cct2) SeqScan(cct1) IndexScan(mi_idx movie_id_movie_info_idx_1) SeqScan(it2) IndexScan(mi movie_id_movie_info_1) IndexScan(t sampled_title_1_pkey) IndexScan(ci movie_id_cast_info_1) IndexScan(n sampled_name_1_pkey) SeqScan(it1) NestLoop(k mk) HashJoin(cc cct2) HashJoin(cc cct2 cct1) HashJoin(k mk cc cct2 cct1) NestLoop(k mk cc cct2 cct1 mi_idx) HashJoin(k mk cc cct2 cct1 mi_idx it2) NestLoop(k mk cc cct2 cct1 mi_idx it2 mi) NestLoop(k mk cc cct2 cct1 mi_idx it2 mi t) NestLoop(k mk cc cct2 cct1 mi_idx it2 mi t ci) NestLoop(k mk cc cct2 cct1 mi_idx it2 mi t ci n) HashJoin(k mk cc cct2 cct1 mi_idx it2 mi t ci n it1) Leading((((((((((k mk) ((cc cct2) cct1)) mi_idx) it2) mi) t) ci) n) it1)) */
"SELECT MIN(mi.info) AS movie_budget, MIN(mi_idx.info) AS movie_votes, MIN(n.name) AS writer, MIN(t.title) AS complete_violent_movie
FROM sampled_complete_cast_1 AS cc,
    sampled_comp_cast_type_1 AS cct1,
    sampled_comp_cast_type_1 AS cct2,
    sampled_cast_info_1 AS ci,
    sampled_info_type_1 AS it1,
    sampled_info_type_1 AS it2,
    sampled_keyword_1 AS k,
    sampled_movie_info_1 AS mi,
    sampled_movie_info_idx_1 AS mi_idx,
    sampled_movie_keyword_1 AS mk,
    sampled_name_1 AS n,
    sampled_title_1 AS t
WHERE t.id = mi.movie_id
AND t.id = mi_idx.movie_id
AND t.id = ci.movie_id
AND t.id = mk.movie_id
AND t.id = cc.movie_id
AND ci.movie_id = mi.movie_id
AND ci.movie_id = mi_idx.movie_id
AND ci.movie_id = mk.movie_id
AND ci.movie_id = cc.movie_id
AND mi.movie_id = mi_idx.movie_id
AND mi.movie_id = mk.movie_id
AND mi.movie_id = cc.movie_id
AND mi_idx.movie_id = mk.movie_id
AND mi_idx.movie_id = cc.movie_id
AND mk.movie_id = cc.movie_id
AND n.id = ci.person_id
AND it1.id = mi.info_type_id
AND it2.id = mi_idx.info_type_id
AND k.id = mk.keyword_id
AND cct1.id = cc.subject_id
AND cct2.id = cc.status_id
AND cct1.kind IN ('cast', 'cast', 'cast', 'cast', 'cast')
AND cct2.kind = 'complete'
AND ci.note IN ('(uncredited)', '(prosthetics designer)', '(script editor)', '(executive producer)', '(as Jac Emeil)')
AND it1.info = 'countries'
AND it2.info = 'votes distribution'
AND k.keyword IN ('love', 'non-fiction', 'death', 'non-fiction', 'friendship')
AND mi.info IN ('Dolby Surround', 'English', 'UK', 'PFM:35 mm', 'English')
AND n.gender = 'm'
AND t.production_year > 1961;",101,/*+  SeqScan(k) IndexScan(mk keyword_id_movie_keyword_1) SeqScan(cc) SeqScan(cct2) SeqScan(cct1) IndexScan(mi_idx movie_id_movie_info_idx_1) SeqScan(it2) IndexScan(mi movie_id_movie_info_1) IndexScan(t sampled_title_1_pkey) IndexScan(ci movie_id_cast_info_1) IndexScan(n sampled_name_1_pkey) SeqScan(it1) NestLoop(k mk) HashJoin(cc cct2) HashJoin(cc cct2 cct1) HashJoin(k mk cc cct2 cct1) NestLoop(k mk cc cct2 cct1 mi_idx) HashJoin(k mk cc cct2 cct1 mi_idx it2) NestLoop(k mk cc cct2 cct1 mi_idx it2 mi) NestLoop(k mk cc cct2 cct1 mi_idx it2 mi t) NestLoop(k mk cc cct2 cct1 mi_idx it2 mi t ci) NestLoop(k mk cc cct2 cct1 mi_idx it2 mi t ci n) HashJoin(k mk cc cct2 cct1 mi_idx it2 mi t ci n it1) Leading((((((((((k mk) ((cc cct2) cct1)) mi_idx) it2) mi) t) ci) n) it1)) */
"SELECT MIN(mi.info) AS movie_budget, MIN(mi_idx.info) AS movie_votes, MIN(n.name) AS writer, MIN(t.title) AS complete_violent_movie
FROM sampled_complete_cast_1 AS cc,
    sampled_comp_cast_type_1 AS cct1,
    sampled_comp_cast_type_1 AS cct2,
    sampled_cast_info_1 AS ci,
    sampled_info_type_1 AS it1,
    sampled_info_type_1 AS it2,
    sampled_keyword_1 AS k,
    sampled_movie_info_1 AS mi,
    sampled_movie_info_idx_1 AS mi_idx,
    sampled_movie_keyword_1 AS mk,
    sampled_name_1 AS n,
    sampled_title_1 AS t
WHERE t.id = mi.movie_id
AND t.id = mi_idx.movie_id
AND t.id = ci.movie_id
AND t.id = mk.movie_id
AND t.id = cc.movie_id
AND ci.movie_id = mi.movie_id
AND ci.movie_id = mi_idx.movie_id
AND ci.movie_id = mk.movie_id
AND ci.movie_id = cc.movie_id
AND mi.movie_id = mi_idx.movie_id
AND mi.movie_id = mk.movie_id
AND mi.movie_id = cc.movie_id
AND mi_idx.movie_id = mk.movie_id
AND mi_idx.movie_id = cc.movie_id
AND mk.movie_id = cc.movie_id
AND n.id = ci.person_id
AND it1.id = mi.info_type_id
AND it2.id = mi_idx.info_type_id
AND k.id = mk.keyword_id
AND cct1.id = cc.subject_id
AND cct2.id = cc.status_id
AND cct1.kind IN ('crew', 'crew', 'crew', 'crew', 'crew')
AND cct2.kind = 'complete'
AND ci.note IN ('(producer)', '(producer)', '(voice)', '(voice)', '(producer)')
AND it1.info = 'genres'
AND it2.info = 'votes'
AND k.keyword IN ('murder', 'murder', 'murder', 'murder', 'murder')
AND mi.info IN ('2', 'Finland:K-16', 'Action', '2', 'Sweden:15')
AND n.gender = 'm'
AND t.production_year > 1965;",101,/*+  SeqScan(k) IndexScan(mk keyword_id_movie_keyword_1) SeqScan(cc) SeqScan(cct2) SeqScan(cct1) IndexScan(mi_idx movie_id_movie_info_idx_1) SeqScan(it2) IndexScan(mi movie_id_movie_info_1) IndexScan(t sampled_title_1_pkey) IndexScan(ci movie_id_cast_info_1) IndexScan(n sampled_name_1_pkey) SeqScan(it1) NestLoop(k mk) HashJoin(cc cct2) HashJoin(cc cct2 cct1) HashJoin(k mk cc cct2 cct1) NestLoop(k mk cc cct2 cct1 mi_idx) HashJoin(k mk cc cct2 cct1 mi_idx it2) NestLoop(k mk cc cct2 cct1 mi_idx it2 mi) NestLoop(k mk cc cct2 cct1 mi_idx it2 mi t) NestLoop(k mk cc cct2 cct1 mi_idx it2 mi t ci) NestLoop(k mk cc cct2 cct1 mi_idx it2 mi t ci n) HashJoin(k mk cc cct2 cct1 mi_idx it2 mi t ci n it1) Leading((((((((((k mk) ((cc cct2) cct1)) mi_idx) it2) mi) t) ci) n) it1)) */
"SELECT MIN(mi.info) AS movie_budget, MIN(mi_idx.info) AS movie_votes, MIN(n.name) AS writer, MIN(t.title) AS complete_violent_movie
FROM sampled_complete_cast_1 AS cc,
    sampled_comp_cast_type_1 AS cct1,
    sampled_comp_cast_type_1 AS cct2,
    sampled_cast_info_1 AS ci,
    sampled_info_type_1 AS it1,
    sampled_info_type_1 AS it2,
    sampled_keyword_1 AS k,
    sampled_movie_info_1 AS mi,
    sampled_movie_info_idx_1 AS mi_idx,
    sampled_movie_keyword_1 AS mk,
    sampled_name_1 AS n,
    sampled_title_1 AS t
WHERE t.id = mi.movie_id
AND t.id = mi_idx.movie_id
AND t.id = ci.movie_id
AND t.id = mk.movie_id
AND t.id = cc.movie_id
AND ci.movie_id = mi.movie_id
AND ci.movie_id = mi_idx.movie_id
AND ci.movie_id = mk.movie_id
AND ci.movie_id = cc.movie_id
AND mi.movie_id = mi_idx.movie_id
AND mi.movie_id = mk.movie_id
AND mi.movie_id = cc.movie_id
AND mi_idx.movie_id = mk.movie_id
AND mi_idx.movie_id = cc.movie_id
AND mk.movie_id = cc.movie_id
AND n.id = ci.person_id
AND it1.id = mi.info_type_id
AND it2.id = mi_idx.info_type_id
AND k.id = mk.keyword_id
AND cct1.id = cc.subject_id
AND cct2.id = cc.status_id
AND cct1.kind IN ('cast', 'cast', 'cast', 'cast', 'cast')
AND cct2.kind = 'complete+verified'
AND ci.note IN ('(uncredited)', '(uncredited)', '(uncredited)', '(uncredited)', '(uncredited)')
AND it1.info = 'genres'
AND it2.info = 'top 250 rank'
AND k.keyword IN ('sex', 'sex', 'sex', 'sex', 'sex')
AND mi.info IN ('Drama', 'Drama', 'Drama', 'Drama', 'Drama')
AND n.gender = 'm'
AND t.production_year > 1970;",101,/*+  SeqScan(k) IndexScan(mk keyword_id_movie_keyword_1) SeqScan(cc) SeqScan(cct2) SeqScan(cct1) IndexScan(mi_idx movie_id_movie_info_idx_1) SeqScan(it2) IndexScan(mi movie_id_movie_info_1) IndexScan(t sampled_title_1_pkey) IndexScan(ci movie_id_cast_info_1) IndexScan(n sampled_name_1_pkey) SeqScan(it1) NestLoop(k mk) HashJoin(cc cct2) HashJoin(cc cct2 cct1) HashJoin(k mk cc cct2 cct1) NestLoop(k mk cc cct2 cct1 mi_idx) HashJoin(k mk cc cct2 cct1 mi_idx it2) NestLoop(k mk cc cct2 cct1 mi_idx it2 mi) NestLoop(k mk cc cct2 cct1 mi_idx it2 mi t) NestLoop(k mk cc cct2 cct1 mi_idx it2 mi t ci) NestLoop(k mk cc cct2 cct1 mi_idx it2 mi t ci n) HashJoin(k mk cc cct2 cct1 mi_idx it2 mi t ci n it1) Leading((((((((((k mk) ((cc cct2) cct1)) mi_idx) it2) mi) t) ci) n) it1)) */
"SELECT MIN(mi.info) AS movie_budget, MIN(mi_idx.info) AS movie_votes, MIN(n.name) AS writer, MIN(t.title) AS complete_violent_movie
FROM sampled_complete_cast_1 AS cc,
    sampled_comp_cast_type_1 AS cct1,
    sampled_comp_cast_type_1 AS cct2,
    sampled_cast_info_1 AS ci,
    sampled_info_type_1 AS it1,
    sampled_info_type_1 AS it2,
    sampled_keyword_1 AS k,
    sampled_movie_info_1 AS mi,
    sampled_movie_info_idx_1 AS mi_idx,
    sampled_movie_keyword_1 AS mk,
    sampled_name_1 AS n,
    sampled_title_1 AS t
WHERE t.id = mi.movie_id
AND t.id = mi_idx.movie_id
AND t.id = ci.movie_id
AND t.id = mk.movie_id
AND t.id = cc.movie_id
AND ci.movie_id = mi.movie_id
AND ci.movie_id = mi_idx.movie_id
AND ci.movie_id = mk.movie_id
AND ci.movie_id = cc.movie_id
AND mi.movie_id = mi_idx.movie_id
AND mi.movie_id = mk.movie_id
AND mi.movie_id = cc.movie_id
AND mi_idx.movie_id = mk.movie_id
AND mi_idx.movie_id = cc.movie_id
AND mk.movie_id = cc.movie_id
AND n.id = ci.person_id
AND it1.id = mi.info_type_id
AND it2.id = mi_idx.info_type_id
AND k.id = mk.keyword_id
AND cct1.id = cc.subject_id
AND cct2.id = cc.status_id
AND cct1.kind IN ('crew', 'crew', 'crew', 'crew', 'crew')
AND cct2.kind = 'complete'
AND ci.note IN ('(uncredited)', '(uncredited)', '(uncredited)', '(uncredited)', '(uncredited)')
AND it1.info = 'genres'
AND it2.info = 'rating'
AND k.keyword IN ('nudity', 'number-in-title', 'number-in-title', 'based-on-play', 'number-in-title')
AND mi.info IN ('Comedy', 'Comedy', 'Drama', 'Drama', 'Drama')
AND n.gender = 'm'
AND t.production_year > 1964;",101,/*+  SeqScan(k) IndexScan(mk keyword_id_movie_keyword_1) SeqScan(cc) SeqScan(cct2) SeqScan(cct1) IndexScan(mi_idx movie_id_movie_info_idx_1) SeqScan(it2) IndexScan(mi movie_id_movie_info_1) IndexScan(t sampled_title_1_pkey) IndexScan(ci movie_id_cast_info_1) IndexScan(n sampled_name_1_pkey) SeqScan(it1) NestLoop(k mk) HashJoin(cc cct2) HashJoin(cc cct2 cct1) HashJoin(k mk cc cct2 cct1) NestLoop(k mk cc cct2 cct1 mi_idx) HashJoin(k mk cc cct2 cct1 mi_idx it2) NestLoop(k mk cc cct2 cct1 mi_idx it2 mi) NestLoop(k mk cc cct2 cct1 mi_idx it2 mi t) NestLoop(k mk cc cct2 cct1 mi_idx it2 mi t ci) NestLoop(k mk cc cct2 cct1 mi_idx it2 mi t ci n) HashJoin(k mk cc cct2 cct1 mi_idx it2 mi t ci n it1) Leading((((((((((k mk) ((cc cct2) cct1)) mi_idx) it2) mi) t) ci) n) it1)) */
"SELECT MIN(mi.info) AS movie_budget, MIN(mi_idx.info) AS movie_votes, MIN(n.name) AS writer, MIN(t.title) AS complete_violent_movie
FROM sampled_complete_cast_1 AS cc,
    sampled_comp_cast_type_1 AS cct1,
    sampled_comp_cast_type_1 AS cct2,
    sampled_cast_info_1 AS ci,
    sampled_info_type_1 AS it1,
    sampled_info_type_1 AS it2,
    sampled_keyword_1 AS k,
    sampled_movie_info_1 AS mi,
    sampled_movie_info_idx_1 AS mi_idx,
    sampled_movie_keyword_1 AS mk,
    sampled_name_1 AS n,
    sampled_title_1 AS t
WHERE t.id = mi.movie_id
AND t.id = mi_idx.movie_id
AND t.id = ci.movie_id
AND t.id = mk.movie_id
AND t.id = cc.movie_id
AND ci.movie_id = mi.movie_id
AND ci.movie_id = mi_idx.movie_id
AND ci.movie_id = mk.movie_id
AND ci.movie_id = cc.movie_id
AND mi.movie_id = mi_idx.movie_id
AND mi.movie_id = mk.movie_id
AND mi.movie_id = cc.movie_id
AND mi_idx.movie_id = mk.movie_id
AND mi_idx.movie_id = cc.movie_id
AND mk.movie_id = cc.movie_id
AND n.id = ci.person_id
AND it1.id = mi.info_type_id
AND it2.id = mi_idx.info_type_id
AND k.id = mk.keyword_id
AND cct1.id = cc.subject_id
AND cct2.id = cc.status_id
AND cct1.kind IN ('cast', 'cast', 'cast', 'cast', 'cast')
AND cct2.kind = 'complete+verified'
AND ci.note IN ('(uncredited)', '(uncredited)', '(uncredited)', '(uncredited)', '(uncredited)')
AND it1.info = 'countries'
AND it2.info = 'votes'
AND k.keyword IN ('female-nudity', 'female-nudity', 'female-nudity', 'female-nudity', 'female-nudity')
AND mi.info IN ('PFM:35 mm', 'RAT:1.33 : 1', 'PFM:35 mm', 'USA', 'PFM:35 mm')
AND n.gender = 'm'
AND t.production_year > 1987;",101,/*+  SeqScan(k) IndexScan(mk keyword_id_movie_keyword_1) SeqScan(cc) SeqScan(cct2) SeqScan(cct1) IndexScan(mi_idx movie_id_movie_info_idx_1) SeqScan(it2) IndexScan(mi movie_id_movie_info_1) IndexScan(t sampled_title_1_pkey) IndexScan(ci movie_id_cast_info_1) IndexScan(n sampled_name_1_pkey) SeqScan(it1) NestLoop(k mk) HashJoin(cc cct2) HashJoin(cc cct2 cct1) HashJoin(k mk cc cct2 cct1) NestLoop(k mk cc cct2 cct1 mi_idx) HashJoin(k mk cc cct2 cct1 mi_idx it2) NestLoop(k mk cc cct2 cct1 mi_idx it2 mi) NestLoop(k mk cc cct2 cct1 mi_idx it2 mi t) NestLoop(k mk cc cct2 cct1 mi_idx it2 mi t ci) NestLoop(k mk cc cct2 cct1 mi_idx it2 mi t ci n) HashJoin(k mk cc cct2 cct1 mi_idx it2 mi t ci n it1) Leading((((((((((k mk) ((cc cct2) cct1)) mi_idx) it2) mi) t) ci) n) it1)) */
"SELECT MIN(mi.info) AS movie_budget, MIN(mi_idx.info) AS movie_votes, MIN(n.name) AS writer, MIN(t.title) AS complete_violent_movie
FROM sampled_complete_cast_1 AS cc,
    sampled_comp_cast_type_1 AS cct1,
    sampled_comp_cast_type_1 AS cct2,
    sampled_cast_info_1 AS ci,
    sampled_info_type_1 AS it1,
    sampled_info_type_1 AS it2,
    sampled_keyword_1 AS k,
    sampled_movie_info_1 AS mi,
    sampled_movie_info_idx_1 AS mi_idx,
    sampled_movie_keyword_1 AS mk,
    sampled_name_1 AS n,
    sampled_title_1 AS t
WHERE t.id = mi.movie_id
AND t.id = mi_idx.movie_id
AND t.id = ci.movie_id
AND t.id = mk.movie_id
AND t.id = cc.movie_id
AND ci.movie_id = mi.movie_id
AND ci.movie_id = mi_idx.movie_id
AND ci.movie_id = mk.movie_id
AND ci.movie_id = cc.movie_id
AND mi.movie_id = mi_idx.movie_id
AND mi.movie_id = mk.movie_id
AND mi.movie_id = cc.movie_id
AND mi_idx.movie_id = mk.movie_id
AND mi_idx.movie_id = cc.movie_id
AND mk.movie_id = cc.movie_id
AND n.id = ci.person_id
AND it1.id = mi.info_type_id
AND it2.id = mi_idx.info_type_id
AND k.id = mk.keyword_id
AND cct1.id = cc.subject_id
AND cct2.id = cc.status_id
AND cct1.kind IN ('crew', 'crew', 'crew', 'crew', 'crew')
AND cct2.kind = 'complete+verified'
AND ci.note IN ('(script supervisor)', '(story)', '(script supervisor)', '(director of photography)', '(story)')
AND it1.info = 'genres'
AND it2.info = 'votes distribution'
AND k.keyword IN ('family-relationships', 'violence', 'cult-film', 'one-word-title', 'family-relationships')
AND mi.info IN ('RAT:1.85 : 1', 'Thriller', 'PCS:Spherical', 'RAT:1.85 : 1', 'Dolby Surround')
AND n.gender = 'm'
AND t.production_year > 1974;",101,/*+  SeqScan(k) IndexScan(mk keyword_id_movie_keyword_1) SeqScan(cc) SeqScan(cct2) SeqScan(cct1) IndexScan(mi_idx movie_id_movie_info_idx_1) SeqScan(it2) IndexScan(mi movie_id_movie_info_1) IndexScan(t sampled_title_1_pkey) IndexScan(ci movie_id_cast_info_1) IndexScan(n sampled_name_1_pkey) SeqScan(it1) NestLoop(k mk) HashJoin(cc cct2) HashJoin(cc cct2 cct1) HashJoin(k mk cc cct2 cct1) NestLoop(k mk cc cct2 cct1 mi_idx) HashJoin(k mk cc cct2 cct1 mi_idx it2) NestLoop(k mk cc cct2 cct1 mi_idx it2 mi) NestLoop(k mk cc cct2 cct1 mi_idx it2 mi t) NestLoop(k mk cc cct2 cct1 mi_idx it2 mi t ci) NestLoop(k mk cc cct2 cct1 mi_idx it2 mi t ci n) HashJoin(k mk cc cct2 cct1 mi_idx it2 mi t ci n it1) Leading((((((((((k mk) ((cc cct2) cct1)) mi_idx) it2) mi) t) ci) n) it1)) */
"SELECT MIN(mi.info) AS movie_budget, MIN(mi_idx.info) AS movie_votes, MIN(n.name) AS writer, MIN(t.title) AS complete_violent_movie
FROM sampled_complete_cast_1 AS cc,
    sampled_comp_cast_type_1 AS cct1,
    sampled_comp_cast_type_1 AS cct2,
    sampled_cast_info_1 AS ci,
    sampled_info_type_1 AS it1,
    sampled_info_type_1 AS it2,
    sampled_keyword_1 AS k,
    sampled_movie_info_1 AS mi,
    sampled_movie_info_idx_1 AS mi_idx,
    sampled_movie_keyword_1 AS mk,
    sampled_name_1 AS n,
    sampled_title_1 AS t
WHERE t.id = mi.movie_id
AND t.id = mi_idx.movie_id
AND t.id = ci.movie_id
AND t.id = mk.movie_id
AND t.id = cc.movie_id
AND ci.movie_id = mi.movie_id
AND ci.movie_id = mi_idx.movie_id
AND ci.movie_id = mk.movie_id
AND ci.movie_id = cc.movie_id
AND mi.movie_id = mi_idx.movie_id
AND mi.movie_id = mk.movie_id
AND mi.movie_id = cc.movie_id
AND mi_idx.movie_id = mk.movie_id
AND mi_idx.movie_id = cc.movie_id
AND mk.movie_id = cc.movie_id
AND n.id = ci.person_id
AND it1.id = mi.info_type_id
AND it2.id = mi_idx.info_type_id
AND k.id = mk.keyword_id
AND cct1.id = cc.subject_id
AND cct2.id = cc.status_id
AND cct1.kind IN ('cast', 'cast', 'cast', 'cast', 'cast')
AND cct2.kind = 'complete+verified'
AND ci.note IN ('(producer)', '(producer)', '(producer)', '(producer)', '(producer)')
AND it1.info = 'genres'
AND it2.info = 'votes'
AND k.keyword IN ('based-on-novel', 'based-on-novel', 'based-on-novel', 'based-on-novel', 'based-on-novel')
AND mi.info IN ('UK', 'Short', 'Comedy', 'Documentary', 'Short')
AND n.gender = 'm'
AND t.production_year > 1989;",101,/*+  SeqScan(k) IndexScan(mk keyword_id_movie_keyword_1) SeqScan(cc) SeqScan(cct2) SeqScan(cct1) IndexScan(mi_idx movie_id_movie_info_idx_1) SeqScan(it2) IndexScan(mi movie_id_movie_info_1) IndexScan(t sampled_title_1_pkey) IndexScan(ci movie_id_cast_info_1) IndexScan(n sampled_name_1_pkey) SeqScan(it1) NestLoop(k mk) HashJoin(cc cct2) HashJoin(cc cct2 cct1) HashJoin(k mk cc cct2 cct1) NestLoop(k mk cc cct2 cct1 mi_idx) HashJoin(k mk cc cct2 cct1 mi_idx it2) NestLoop(k mk cc cct2 cct1 mi_idx it2 mi) NestLoop(k mk cc cct2 cct1 mi_idx it2 mi t) NestLoop(k mk cc cct2 cct1 mi_idx it2 mi t ci) NestLoop(k mk cc cct2 cct1 mi_idx it2 mi t ci n) HashJoin(k mk cc cct2 cct1 mi_idx it2 mi t ci n it1) Leading((((((((((k mk) ((cc cct2) cct1)) mi_idx) it2) mi) t) ci) n) it1)) */
"SELECT MIN(mi.info) AS movie_budget, MIN(mi_idx.info) AS movie_votes, MIN(n.name) AS writer, MIN(t.title) AS complete_violent_movie
FROM sampled_complete_cast_1 AS cc,
    sampled_comp_cast_type_1 AS cct1,
    sampled_comp_cast_type_1 AS cct2,
    sampled_cast_info_1 AS ci,
    sampled_info_type_1 AS it1,
    sampled_info_type_1 AS it2,
    sampled_keyword_1 AS k,
    sampled_movie_info_1 AS mi,
    sampled_movie_info_idx_1 AS mi_idx,
    sampled_movie_keyword_1 AS mk,
    sampled_name_1 AS n,
    sampled_title_1 AS t
WHERE t.id = mi.movie_id
AND t.id = mi_idx.movie_id
AND t.id = ci.movie_id
AND t.id = mk.movie_id
AND t.id = cc.movie_id
AND ci.movie_id = mi.movie_id
AND ci.movie_id = mi_idx.movie_id
AND ci.movie_id = mk.movie_id
AND ci.movie_id = cc.movie_id
AND mi.movie_id = mi_idx.movie_id
AND mi.movie_id = mk.movie_id
AND mi.movie_id = cc.movie_id
AND mi_idx.movie_id = mk.movie_id
AND mi_idx.movie_id = cc.movie_id
AND mk.movie_id = cc.movie_id
AND n.id = ci.person_id
AND it1.id = mi.info_type_id
AND it2.id = mi_idx.info_type_id
AND k.id = mk.keyword_id
AND cct1.id = cc.subject_id
AND cct2.id = cc.status_id
AND cct1.kind IN ('crew', 'crew', 'crew', 'crew', 'crew')
AND cct2.kind = 'complete'
AND ci.note IN ('(written by)', '(executive producer)', '(written by)', '(voice)', '(writer)')
AND it1.info = 'genres'
AND it2.info = 'votes distribution'
AND k.keyword IN ('murder', 'murder', 'murder', 'murder', 'murder')
AND mi.info IN ('Drama', 'Drama', 'Drama', 'Drama', 'Drama')
AND n.gender = 'm'
AND t.production_year > 1973;",101,/*+  SeqScan(k) IndexScan(mk keyword_id_movie_keyword_1) SeqScan(cc) SeqScan(cct2) SeqScan(cct1) IndexScan(mi_idx movie_id_movie_info_idx_1) SeqScan(it2) IndexScan(mi movie_id_movie_info_1) IndexScan(t sampled_title_1_pkey) IndexScan(ci movie_id_cast_info_1) IndexScan(n sampled_name_1_pkey) SeqScan(it1) NestLoop(k mk) HashJoin(cc cct2) HashJoin(cc cct2 cct1) HashJoin(k mk cc cct2 cct1) NestLoop(k mk cc cct2 cct1 mi_idx) HashJoin(k mk cc cct2 cct1 mi_idx it2) NestLoop(k mk cc cct2 cct1 mi_idx it2 mi) NestLoop(k mk cc cct2 cct1 mi_idx it2 mi t) NestLoop(k mk cc cct2 cct1 mi_idx it2 mi t ci) NestLoop(k mk cc cct2 cct1 mi_idx it2 mi t ci n) HashJoin(k mk cc cct2 cct1 mi_idx it2 mi t ci n it1) Leading((((((((((k mk) ((cc cct2) cct1)) mi_idx) it2) mi) t) ci) n) it1)) */
"SELECT MIN(mi.info) AS movie_budget, MIN(mi_idx.info) AS movie_votes, MIN(n.name) AS writer, MIN(t.title) AS complete_violent_movie
FROM sampled_complete_cast_1 AS cc,
    sampled_comp_cast_type_1 AS cct1,
    sampled_comp_cast_type_1 AS cct2,
    sampled_cast_info_1 AS ci,
    sampled_info_type_1 AS it1,
    sampled_info_type_1 AS it2,
    sampled_keyword_1 AS k,
    sampled_movie_info_1 AS mi,
    sampled_movie_info_idx_1 AS mi_idx,
    sampled_movie_keyword_1 AS mk,
    sampled_name_1 AS n,
    sampled_title_1 AS t
WHERE t.id = mi.movie_id
AND t.id = mi_idx.movie_id
AND t.id = ci.movie_id
AND t.id = mk.movie_id
AND t.id = cc.movie_id
AND ci.movie_id = mi.movie_id
AND ci.movie_id = mi_idx.movie_id
AND ci.movie_id = mk.movie_id
AND ci.movie_id = cc.movie_id
AND mi.movie_id = mi_idx.movie_id
AND mi.movie_id = mk.movie_id
AND mi.movie_id = cc.movie_id
AND mi_idx.movie_id = mk.movie_id
AND mi_idx.movie_id = cc.movie_id
AND mk.movie_id = cc.movie_id
AND n.id = ci.person_id
AND it1.id = mi.info_type_id
AND it2.id = mi_idx.info_type_id
AND k.id = mk.keyword_id
AND cct1.id = cc.subject_id
AND cct2.id = cc.status_id
AND cct1.kind IN ('crew', 'crew', 'crew', 'crew', 'crew')
AND cct2.kind = 'complete'
AND ci.note IN ('(written by)', '(written by)', '(written by)', '(creator)', '(creator)')
AND it1.info = 'countries'
AND it2.info = 'votes'
AND k.keyword IN ('arcade-game', 'female-frontal-nudity', 'surrealism', 'arcade-game', 'rape')
AND mi.info IN ('Comedy', 'RAT:1.33 : 1', 'UK', 'PFM:35 mm', 'PCS:Spherical')
AND n.gender = 'm'
AND t.production_year > 1977;",101,/*+  SeqScan(k) IndexScan(mk keyword_id_movie_keyword_1) SeqScan(cc) SeqScan(cct2) SeqScan(cct1) IndexScan(mi_idx movie_id_movie_info_idx_1) SeqScan(it2) IndexScan(mi movie_id_movie_info_1) IndexScan(t sampled_title_1_pkey) IndexScan(ci movie_id_cast_info_1) IndexScan(n sampled_name_1_pkey) SeqScan(it1) NestLoop(k mk) HashJoin(cc cct2) HashJoin(cc cct2 cct1) HashJoin(k mk cc cct2 cct1) NestLoop(k mk cc cct2 cct1 mi_idx) HashJoin(k mk cc cct2 cct1 mi_idx it2) NestLoop(k mk cc cct2 cct1 mi_idx it2 mi) NestLoop(k mk cc cct2 cct1 mi_idx it2 mi t) NestLoop(k mk cc cct2 cct1 mi_idx it2 mi t ci) NestLoop(k mk cc cct2 cct1 mi_idx it2 mi t ci n) HashJoin(k mk cc cct2 cct1 mi_idx it2 mi t ci n it1) Leading((((((((((k mk) ((cc cct2) cct1)) mi_idx) it2) mi) t) ci) n) it1)) */
"SELECT MIN(mi.info) AS movie_budget, MIN(mi_idx.info) AS movie_votes, MIN(n.name) AS writer, MIN(t.title) AS complete_violent_movie
FROM sampled_complete_cast_1 AS cc,
    sampled_comp_cast_type_1 AS cct1,
    sampled_comp_cast_type_1 AS cct2,
    sampled_cast_info_1 AS ci,
    sampled_info_type_1 AS it1,
    sampled_info_type_1 AS it2,
    sampled_keyword_1 AS k,
    sampled_movie_info_1 AS mi,
    sampled_movie_info_idx_1 AS mi_idx,
    sampled_movie_keyword_1 AS mk,
    sampled_name_1 AS n,
    sampled_title_1 AS t
WHERE t.id = mi.movie_id
AND t.id = mi_idx.movie_id
AND t.id = ci.movie_id
AND t.id = mk.movie_id
AND t.id = cc.movie_id
AND ci.movie_id = mi.movie_id
AND ci.movie_id = mi_idx.movie_id
AND ci.movie_id = mk.movie_id
AND ci.movie_id = cc.movie_id
AND mi.movie_id = mi_idx.movie_id
AND mi.movie_id = mk.movie_id
AND mi.movie_id = cc.movie_id
AND mi_idx.movie_id = mk.movie_id
AND mi_idx.movie_id = cc.movie_id
AND mk.movie_id = cc.movie_id
AND n.id = ci.person_id
AND it1.id = mi.info_type_id
AND it2.id = mi_idx.info_type_id
AND k.id = mk.keyword_id
AND cct1.id = cc.subject_id
AND cct2.id = cc.status_id
AND cct1.kind IN ('cast', 'cast', 'cast', 'cast', 'cast')
AND cct2.kind = 'complete'
AND ci.note IN ('(executive producer)', '(executive producer)', '(uncredited)', '(uncredited)', '(uncredited)')
AND it1.info = 'countries'
AND it2.info = 'votes'
AND k.keyword IN ('independent-film', 'character-name-in-title', 'character-name-in-title', 'character-name-in-title', 'character-name-in-title')
AND mi.info IN ('Australia:G', 'CLV', 'Mono', 'USA', 'OFM:35 mm')
AND n.gender = 'm'
AND t.production_year > 1979;",101,/*+  SeqScan(k) IndexScan(mk keyword_id_movie_keyword_1) SeqScan(cc) SeqScan(cct2) SeqScan(cct1) IndexScan(mi_idx movie_id_movie_info_idx_1) SeqScan(it2) IndexScan(mi movie_id_movie_info_1) IndexScan(t sampled_title_1_pkey) IndexScan(ci movie_id_cast_info_1) IndexScan(n sampled_name_1_pkey) SeqScan(it1) NestLoop(k mk) HashJoin(cc cct2) HashJoin(cc cct2 cct1) HashJoin(k mk cc cct2 cct1) NestLoop(k mk cc cct2 cct1 mi_idx) HashJoin(k mk cc cct2 cct1 mi_idx it2) NestLoop(k mk cc cct2 cct1 mi_idx it2 mi) NestLoop(k mk cc cct2 cct1 mi_idx it2 mi t) NestLoop(k mk cc cct2 cct1 mi_idx it2 mi t ci) NestLoop(k mk cc cct2 cct1 mi_idx it2 mi t ci n) HashJoin(k mk cc cct2 cct1 mi_idx it2 mi t ci n it1) Leading((((((((((k mk) ((cc cct2) cct1)) mi_idx) it2) mi) t) ci) n) it1)) */
"SELECT MIN(mi.info) AS movie_budget, MIN(mi_idx.info) AS movie_votes, MIN(n.name) AS writer, MIN(t.title) AS complete_violent_movie
FROM sampled_complete_cast_1 AS cc,
    sampled_comp_cast_type_1 AS cct1,
    sampled_comp_cast_type_1 AS cct2,
    sampled_cast_info_1 AS ci,
    sampled_info_type_1 AS it1,
    sampled_info_type_1 AS it2,
    sampled_keyword_1 AS k,
    sampled_movie_info_1 AS mi,
    sampled_movie_info_idx_1 AS mi_idx,
    sampled_movie_keyword_1 AS mk,
    sampled_name_1 AS n,
    sampled_title_1 AS t
WHERE t.id = mi.movie_id
AND t.id = mi_idx.movie_id
AND t.id = ci.movie_id
AND t.id = mk.movie_id
AND t.id = cc.movie_id
AND ci.movie_id = mi.movie_id
AND ci.movie_id = mi_idx.movie_id
AND ci.movie_id = mk.movie_id
AND ci.movie_id = cc.movie_id
AND mi.movie_id = mi_idx.movie_id
AND mi.movie_id = mk.movie_id
AND mi.movie_id = cc.movie_id
AND mi_idx.movie_id = mk.movie_id
AND mi_idx.movie_id = cc.movie_id
AND mk.movie_id = cc.movie_id
AND n.id = ci.person_id
AND it1.id = mi.info_type_id
AND it2.id = mi_idx.info_type_id
AND k.id = mk.keyword_id
AND cct1.id = cc.subject_id
AND cct2.id = cc.status_id
AND cct1.kind IN ('crew', 'crew', 'crew', 'crew', 'crew')
AND cct2.kind = 'complete'
AND ci.note IN ('(producer)', '(uncredited)', '(uncredited)', '(uncredited)', '(uncredited)')
AND it1.info = 'genres'
AND it2.info = 'votes'
AND k.keyword IN ('character-name-in-title', 'character-name-in-title', 'independent-film', 'independent-film', 'independent-film')
AND mi.info IN ('Drama', 'Drama', 'Drama', 'Drama', 'Drama')
AND n.gender = 'm'
AND t.production_year > 1972;",101,/*+  SeqScan(k) IndexScan(mk keyword_id_movie_keyword_1) SeqScan(cc) SeqScan(cct2) SeqScan(cct1) IndexScan(mi_idx movie_id_movie_info_idx_1) SeqScan(it2) IndexScan(mi movie_id_movie_info_1) IndexScan(t sampled_title_1_pkey) IndexScan(ci movie_id_cast_info_1) IndexScan(n sampled_name_1_pkey) SeqScan(it1) NestLoop(k mk) HashJoin(cc cct2) HashJoin(cc cct2 cct1) HashJoin(k mk cc cct2 cct1) NestLoop(k mk cc cct2 cct1 mi_idx) HashJoin(k mk cc cct2 cct1 mi_idx it2) NestLoop(k mk cc cct2 cct1 mi_idx it2 mi) NestLoop(k mk cc cct2 cct1 mi_idx it2 mi t) NestLoop(k mk cc cct2 cct1 mi_idx it2 mi t ci) NestLoop(k mk cc cct2 cct1 mi_idx it2 mi t ci n) HashJoin(k mk cc cct2 cct1 mi_idx it2 mi t ci n it1) Leading((((((((((k mk) ((cc cct2) cct1)) mi_idx) it2) mi) t) ci) n) it1)) */
"SELECT MIN(mi.info) AS movie_budget, MIN(mi_idx.info) AS movie_votes, MIN(n.name) AS writer, MIN(t.title) AS complete_violent_movie
FROM sampled_complete_cast_1 AS cc,
    sampled_comp_cast_type_1 AS cct1,
    sampled_comp_cast_type_1 AS cct2,
    sampled_cast_info_1 AS ci,
    sampled_info_type_1 AS it1,
    sampled_info_type_1 AS it2,
    sampled_keyword_1 AS k,
    sampled_movie_info_1 AS mi,
    sampled_movie_info_idx_1 AS mi_idx,
    sampled_movie_keyword_1 AS mk,
    sampled_name_1 AS n,
    sampled_title_1 AS t
WHERE t.id = mi.movie_id
AND t.id = mi_idx.movie_id
AND t.id = ci.movie_id
AND t.id = mk.movie_id
AND t.id = cc.movie_id
AND ci.movie_id = mi.movie_id
AND ci.movie_id = mi_idx.movie_id
AND ci.movie_id = mk.movie_id
AND ci.movie_id = cc.movie_id
AND mi.movie_id = mi_idx.movie_id
AND mi.movie_id = mk.movie_id
AND mi.movie_id = cc.movie_id
AND mi_idx.movie_id = mk.movie_id
AND mi_idx.movie_id = cc.movie_id
AND mk.movie_id = cc.movie_id
AND n.id = ci.person_id
AND it1.id = mi.info_type_id
AND it2.id = mi_idx.info_type_id
AND k.id = mk.keyword_id
AND cct1.id = cc.subject_id
AND cct2.id = cc.status_id
AND cct1.kind IN ('crew', 'crew', 'crew', 'crew', 'crew')
AND cct2.kind = 'complete+verified'
AND ci.note IN ('(producer)', '(producer)', '(voice)', '(voice)', '(producer)')
AND it1.info = 'countries'
AND it2.info = 'top 250 rank'
AND k.keyword IN ('murder', 'murder', 'murder', 'murder', 'murder')
AND mi.info IN ('$27,937,111 (USA) (2 March 1986)', 'January 1981 -', 'The main theme continues over a black screen for about a minute after the actual end credits have finished.', 'USA', 'Building One, Studios at Las Colinas - 6301 North O''Connor Road, Irving, Texas, USA')
AND n.gender = 'm'
AND t.production_year > 1984;",101,/*+  SeqScan(k) IndexScan(mk keyword_id_movie_keyword_1) SeqScan(cc) SeqScan(cct2) SeqScan(cct1) IndexScan(mi_idx movie_id_movie_info_idx_1) SeqScan(it2) IndexScan(mi movie_id_movie_info_1) IndexScan(t sampled_title_1_pkey) IndexScan(ci movie_id_cast_info_1) IndexScan(n sampled_name_1_pkey) SeqScan(it1) NestLoop(k mk) HashJoin(cc cct2) HashJoin(cc cct2 cct1) HashJoin(k mk cc cct2 cct1) NestLoop(k mk cc cct2 cct1 mi_idx) HashJoin(k mk cc cct2 cct1 mi_idx it2) NestLoop(k mk cc cct2 cct1 mi_idx it2 mi) NestLoop(k mk cc cct2 cct1 mi_idx it2 mi t) NestLoop(k mk cc cct2 cct1 mi_idx it2 mi t ci) NestLoop(k mk cc cct2 cct1 mi_idx it2 mi t ci n) HashJoin(k mk cc cct2 cct1 mi_idx it2 mi t ci n it1) Leading((((((((((k mk) ((cc cct2) cct1)) mi_idx) it2) mi) t) ci) n) it1)) */
"SELECT MIN(mi.info) AS movie_budget, MIN(mi_idx.info) AS movie_votes, MIN(n.name) AS writer, MIN(t.title) AS complete_violent_movie
FROM sampled_complete_cast_1 AS cc,
    sampled_comp_cast_type_1 AS cct1,
    sampled_comp_cast_type_1 AS cct2,
    sampled_cast_info_1 AS ci,
    sampled_info_type_1 AS it1,
    sampled_info_type_1 AS it2,
    sampled_keyword_1 AS k,
    sampled_movie_info_1 AS mi,
    sampled_movie_info_idx_1 AS mi_idx,
    sampled_movie_keyword_1 AS mk,
    sampled_name_1 AS n,
    sampled_title_1 AS t
WHERE t.id = mi.movie_id
AND t.id = mi_idx.movie_id
AND t.id = ci.movie_id
AND t.id = mk.movie_id
AND t.id = cc.movie_id
AND ci.movie_id = mi.movie_id
AND ci.movie_id = mi_idx.movie_id
AND ci.movie_id = mk.movie_id
AND ci.movie_id = cc.movie_id
AND mi.movie_id = mi_idx.movie_id
AND mi.movie_id = mk.movie_id
AND mi.movie_id = cc.movie_id
AND mi_idx.movie_id = mk.movie_id
AND mi_idx.movie_id = cc.movie_id
AND mk.movie_id = cc.movie_id
AND n.id = ci.person_id
AND it1.id = mi.info_type_id
AND it2.id = mi_idx.info_type_id
AND k.id = mk.keyword_id
AND cct1.id = cc.subject_id
AND cct2.id = cc.status_id
AND cct1.kind IN ('cast', 'cast', 'cast', 'cast', 'cast')
AND cct2.kind = 'complete'
AND ci.note IN ('(creator)', '(creator)', '(written by)', '(written by)', '(creator)')
AND it1.info = 'genres'
AND it2.info = 'rating'
AND k.keyword IN ('murder', 'murder', 'murder', 'murder', 'murder')
AND mi.info IN ('Drama', 'Black and White', 'Drama', 'Drama', 'Black and White')
AND n.gender = 'm'
AND t.production_year > 1979;",101,/*+  SeqScan(k) IndexScan(mk keyword_id_movie_keyword_1) SeqScan(cc) SeqScan(cct2) SeqScan(cct1) IndexScan(mi_idx movie_id_movie_info_idx_1) SeqScan(it2) IndexScan(mi movie_id_movie_info_1) IndexScan(t sampled_title_1_pkey) IndexScan(ci movie_id_cast_info_1) IndexScan(n sampled_name_1_pkey) SeqScan(it1) NestLoop(k mk) HashJoin(cc cct2) HashJoin(cc cct2 cct1) HashJoin(k mk cc cct2 cct1) NestLoop(k mk cc cct2 cct1 mi_idx) HashJoin(k mk cc cct2 cct1 mi_idx it2) NestLoop(k mk cc cct2 cct1 mi_idx it2 mi) NestLoop(k mk cc cct2 cct1 mi_idx it2 mi t) NestLoop(k mk cc cct2 cct1 mi_idx it2 mi t ci) NestLoop(k mk cc cct2 cct1 mi_idx it2 mi t ci n) HashJoin(k mk cc cct2 cct1 mi_idx it2 mi t ci n it1) Leading((((((((((k mk) ((cc cct2) cct1)) mi_idx) it2) mi) t) ci) n) it1)) */
"SELECT MIN(mi.info) AS movie_budget, MIN(mi_idx.info) AS movie_votes, MIN(n.name) AS writer, MIN(t.title) AS complete_violent_movie
FROM sampled_complete_cast_1 AS cc,
    sampled_comp_cast_type_1 AS cct1,
    sampled_comp_cast_type_1 AS cct2,
    sampled_cast_info_1 AS ci,
    sampled_info_type_1 AS it1,
    sampled_info_type_1 AS it2,
    sampled_keyword_1 AS k,
    sampled_movie_info_1 AS mi,
    sampled_movie_info_idx_1 AS mi_idx,
    sampled_movie_keyword_1 AS mk,
    sampled_name_1 AS n,
    sampled_title_1 AS t
WHERE t.id = mi.movie_id
AND t.id = mi_idx.movie_id
AND t.id = ci.movie_id
AND t.id = mk.movie_id
AND t.id = cc.movie_id
AND ci.movie_id = mi.movie_id
AND ci.movie_id = mi_idx.movie_id
AND ci.movie_id = mk.movie_id
AND ci.movie_id = cc.movie_id
AND mi.movie_id = mi_idx.movie_id
AND mi.movie_id = mk.movie_id
AND mi.movie_id = cc.movie_id
AND mi_idx.movie_id = mk.movie_id
AND mi_idx.movie_id = cc.movie_id
AND mk.movie_id = cc.movie_id
AND n.id = ci.person_id
AND it1.id = mi.info_type_id
AND it2.id = mi_idx.info_type_id
AND k.id = mk.keyword_id
AND cct1.id = cc.subject_id
AND cct2.id = cc.status_id
AND cct1.kind IN ('crew', 'crew', 'crew', 'crew', 'crew')
AND cct2.kind = 'complete'
AND ci.note IN ('(executive producer)', '(writer)', '(uncredited)', '(writer)', '(uncredited)')
AND it1.info = 'genres'
AND it2.info = 'rating'
AND k.keyword IN ('hardcore', 'hardcore', 'hardcore', 'hardcore', 'hardcore')
AND mi.info IN ('Comedy', 'Comedy', 'Drama', 'Drama', 'Drama')
AND n.gender = 'm'
AND t.production_year > 1990;",101,/*+  SeqScan(k) IndexScan(mk keyword_id_movie_keyword_1) SeqScan(cc) SeqScan(cct2) SeqScan(cct1) IndexScan(mi_idx movie_id_movie_info_idx_1) SeqScan(it2) IndexScan(mi movie_id_movie_info_1) IndexScan(t sampled_title_1_pkey) IndexScan(ci movie_id_cast_info_1) IndexScan(n sampled_name_1_pkey) SeqScan(it1) NestLoop(k mk) HashJoin(cc cct2) HashJoin(cc cct2 cct1) HashJoin(k mk cc cct2 cct1) NestLoop(k mk cc cct2 cct1 mi_idx) HashJoin(k mk cc cct2 cct1 mi_idx it2) NestLoop(k mk cc cct2 cct1 mi_idx it2 mi) NestLoop(k mk cc cct2 cct1 mi_idx it2 mi t) NestLoop(k mk cc cct2 cct1 mi_idx it2 mi t ci) NestLoop(k mk cc cct2 cct1 mi_idx it2 mi t ci n) HashJoin(k mk cc cct2 cct1 mi_idx it2 mi t ci n it1) Leading((((((((((k mk) ((cc cct2) cct1)) mi_idx) it2) mi) t) ci) n) it1)) */
"SELECT MIN(mi.info) AS movie_budget, MIN(mi_idx.info) AS movie_votes, MIN(n.name) AS writer, MIN(t.title) AS complete_violent_movie
FROM sampled_complete_cast_1 AS cc,
    sampled_comp_cast_type_1 AS cct1,
    sampled_comp_cast_type_1 AS cct2,
    sampled_cast_info_1 AS ci,
    sampled_info_type_1 AS it1,
    sampled_info_type_1 AS it2,
    sampled_keyword_1 AS k,
    sampled_movie_info_1 AS mi,
    sampled_movie_info_idx_1 AS mi_idx,
    sampled_movie_keyword_1 AS mk,
    sampled_name_1 AS n,
    sampled_title_1 AS t
WHERE t.id = mi.movie_id
AND t.id = mi_idx.movie_id
AND t.id = ci.movie_id
AND t.id = mk.movie_id
AND t.id = cc.movie_id
AND ci.movie_id = mi.movie_id
AND ci.movie_id = mi_idx.movie_id
AND ci.movie_id = mk.movie_id
AND ci.movie_id = cc.movie_id
AND mi.movie_id = mi_idx.movie_id
AND mi.movie_id = mk.movie_id
AND mi.movie_id = cc.movie_id
AND mi_idx.movie_id = mk.movie_id
AND mi_idx.movie_id = cc.movie_id
AND mk.movie_id = cc.movie_id
AND n.id = ci.person_id
AND it1.id = mi.info_type_id
AND it2.id = mi_idx.info_type_id
AND k.id = mk.keyword_id
AND cct1.id = cc.subject_id
AND cct2.id = cc.status_id
AND cct1.kind IN ('cast', 'cast', 'cast', 'cast', 'cast')
AND cct2.kind = 'complete+verified'
AND ci.note IN ('(producer)', '(producer)', '(producer)', '(producer)', '(producer)')
AND it1.info = 'countries'
AND it2.info = 'votes distribution'
AND k.keyword IN ('based-on-novel', 'based-on-novel', 'based-on-novel', 'based-on-novel', 'based-on-novel')
AND mi.info IN ('RAT:1.33 : 1', 'OFM:35 mm', 'OFM:35 mm', 'USA', 'RAT:1.33 : 1')
AND n.gender = 'm'
AND t.production_year > 1964;",101,/*+  SeqScan(k) IndexScan(mk keyword_id_movie_keyword_1) SeqScan(cc) SeqScan(cct2) SeqScan(cct1) IndexScan(mi_idx movie_id_movie_info_idx_1) SeqScan(it2) IndexScan(mi movie_id_movie_info_1) IndexScan(t sampled_title_1_pkey) IndexScan(ci movie_id_cast_info_1) IndexScan(n sampled_name_1_pkey) SeqScan(it1) NestLoop(k mk) HashJoin(cc cct2) HashJoin(cc cct2 cct1) HashJoin(k mk cc cct2 cct1) NestLoop(k mk cc cct2 cct1 mi_idx) HashJoin(k mk cc cct2 cct1 mi_idx it2) NestLoop(k mk cc cct2 cct1 mi_idx it2 mi) NestLoop(k mk cc cct2 cct1 mi_idx it2 mi t) NestLoop(k mk cc cct2 cct1 mi_idx it2 mi t ci) NestLoop(k mk cc cct2 cct1 mi_idx it2 mi t ci n) HashJoin(k mk cc cct2 cct1 mi_idx it2 mi t ci n it1) Leading((((((((((k mk) ((cc cct2) cct1)) mi_idx) it2) mi) t) ci) n) it1)) */
"SELECT MIN(mi.info) AS movie_budget, MIN(mi_idx.info) AS movie_votes, MIN(n.name) AS writer, MIN(t.title) AS complete_violent_movie
FROM sampled_complete_cast_1 AS cc,
    sampled_comp_cast_type_1 AS cct1,
    sampled_comp_cast_type_1 AS cct2,
    sampled_cast_info_1 AS ci,
    sampled_info_type_1 AS it1,
    sampled_info_type_1 AS it2,
    sampled_keyword_1 AS k,
    sampled_movie_info_1 AS mi,
    sampled_movie_info_idx_1 AS mi_idx,
    sampled_movie_keyword_1 AS mk,
    sampled_name_1 AS n,
    sampled_title_1 AS t
WHERE t.id = mi.movie_id
AND t.id = mi_idx.movie_id
AND t.id = ci.movie_id
AND t.id = mk.movie_id
AND t.id = cc.movie_id
AND ci.movie_id = mi.movie_id
AND ci.movie_id = mi_idx.movie_id
AND ci.movie_id = mk.movie_id
AND ci.movie_id = cc.movie_id
AND mi.movie_id = mi_idx.movie_id
AND mi.movie_id = mk.movie_id
AND mi.movie_id = cc.movie_id
AND mi_idx.movie_id = mk.movie_id
AND mi_idx.movie_id = cc.movie_id
AND mk.movie_id = cc.movie_id
AND n.id = ci.person_id
AND it1.id = mi.info_type_id
AND it2.id = mi_idx.info_type_id
AND k.id = mk.keyword_id
AND cct1.id = cc.subject_id
AND cct2.id = cc.status_id
AND cct1.kind IN ('cast', 'cast', 'cast', 'cast', 'cast')
AND cct2.kind = 'complete+verified'
AND ci.note IN ('(voice teacher)', '(production assistant) (uncredited)', '(as Patrick C. Regan)', '(as Robert Kline)', '(play ""Komediantn"")')
AND it1.info = 'countries'
AND it2.info = 'votes'
AND k.keyword IN ('sex', 'sex', 'sex', 'sex', 'sex')
AND mi.info IN ('Stereo', 'RAT:1.33 : 1', 'Drama', 'OFM:35 mm', 'UK')
AND n.gender = 'm'
AND t.production_year > 1961;",101,/*+  SeqScan(k) IndexScan(mk keyword_id_movie_keyword_1) SeqScan(cc) SeqScan(cct2) SeqScan(cct1) IndexScan(mi_idx movie_id_movie_info_idx_1) SeqScan(it2) IndexScan(mi movie_id_movie_info_1) IndexScan(t sampled_title_1_pkey) IndexScan(ci movie_id_cast_info_1) IndexScan(n sampled_name_1_pkey) SeqScan(it1) NestLoop(k mk) HashJoin(cc cct2) HashJoin(cc cct2 cct1) HashJoin(k mk cc cct2 cct1) NestLoop(k mk cc cct2 cct1 mi_idx) HashJoin(k mk cc cct2 cct1 mi_idx it2) NestLoop(k mk cc cct2 cct1 mi_idx it2 mi) NestLoop(k mk cc cct2 cct1 mi_idx it2 mi t) NestLoop(k mk cc cct2 cct1 mi_idx it2 mi t ci) NestLoop(k mk cc cct2 cct1 mi_idx it2 mi t ci n) HashJoin(k mk cc cct2 cct1 mi_idx it2 mi t ci n it1) Leading((((((((((k mk) ((cc cct2) cct1)) mi_idx) it2) mi) t) ci) n) it1)) */
"SELECT MIN(mi.info) AS movie_budget, MIN(mi_idx.info) AS movie_votes, MIN(n.name) AS writer, MIN(t.title) AS complete_violent_movie
FROM sampled_complete_cast_1 AS cc,
    sampled_comp_cast_type_1 AS cct1,
    sampled_comp_cast_type_1 AS cct2,
    sampled_cast_info_1 AS ci,
    sampled_info_type_1 AS it1,
    sampled_info_type_1 AS it2,
    sampled_keyword_1 AS k,
    sampled_movie_info_1 AS mi,
    sampled_movie_info_idx_1 AS mi_idx,
    sampled_movie_keyword_1 AS mk,
    sampled_name_1 AS n,
    sampled_title_1 AS t
WHERE t.id = mi.movie_id
AND t.id = mi_idx.movie_id
AND t.id = ci.movie_id
AND t.id = mk.movie_id
AND t.id = cc.movie_id
AND ci.movie_id = mi.movie_id
AND ci.movie_id = mi_idx.movie_id
AND ci.movie_id = mk.movie_id
AND ci.movie_id = cc.movie_id
AND mi.movie_id = mi_idx.movie_id
AND mi.movie_id = mk.movie_id
AND mi.movie_id = cc.movie_id
AND mi_idx.movie_id = mk.movie_id
AND mi_idx.movie_id = cc.movie_id
AND mk.movie_id = cc.movie_id
AND n.id = ci.person_id
AND it1.id = mi.info_type_id
AND it2.id = mi_idx.info_type_id
AND k.id = mk.keyword_id
AND cct1.id = cc.subject_id
AND cct2.id = cc.status_id
AND cct1.kind IN ('cast', 'cast', 'cast', 'cast', 'cast')
AND cct2.kind = 'complete+verified'
AND ci.note IN ('(supervising producer)', '(script supervisor)', '(screenplay)', '(script supervisor)', '(script supervisor)')
AND it1.info = 'genres'
AND it2.info = 'top 250 rank'
AND k.keyword IN ('murder', 'murder', 'murder', 'murder', 'murder')
AND mi.info IN ('Drama', 'Drama', 'Drama', 'Drama', 'Drama')
AND n.gender = 'm'
AND t.production_year > 1970;",101,/*+  SeqScan(k) IndexScan(mk keyword_id_movie_keyword_1) SeqScan(cc) SeqScan(cct2) SeqScan(cct1) IndexScan(mi_idx movie_id_movie_info_idx_1) SeqScan(it2) IndexScan(mi movie_id_movie_info_1) IndexScan(t sampled_title_1_pkey) IndexScan(ci movie_id_cast_info_1) IndexScan(n sampled_name_1_pkey) SeqScan(it1) NestLoop(k mk) HashJoin(cc cct2) HashJoin(cc cct2 cct1) HashJoin(k mk cc cct2 cct1) NestLoop(k mk cc cct2 cct1 mi_idx) HashJoin(k mk cc cct2 cct1 mi_idx it2) NestLoop(k mk cc cct2 cct1 mi_idx it2 mi) NestLoop(k mk cc cct2 cct1 mi_idx it2 mi t) NestLoop(k mk cc cct2 cct1 mi_idx it2 mi t ci) NestLoop(k mk cc cct2 cct1 mi_idx it2 mi t ci n) HashJoin(k mk cc cct2 cct1 mi_idx it2 mi t ci n it1) Leading((((((((((k mk) ((cc cct2) cct1)) mi_idx) it2) mi) t) ci) n) it1)) */
"SELECT MIN(mi.info) AS movie_budget, MIN(mi_idx.info) AS movie_votes, MIN(n.name) AS writer, MIN(t.title) AS complete_violent_movie
FROM sampled_complete_cast_1 AS cc,
    sampled_comp_cast_type_1 AS cct1,
    sampled_comp_cast_type_1 AS cct2,
    sampled_cast_info_1 AS ci,
    sampled_info_type_1 AS it1,
    sampled_info_type_1 AS it2,
    sampled_keyword_1 AS k,
    sampled_movie_info_1 AS mi,
    sampled_movie_info_idx_1 AS mi_idx,
    sampled_movie_keyword_1 AS mk,
    sampled_name_1 AS n,
    sampled_title_1 AS t
WHERE t.id = mi.movie_id
AND t.id = mi_idx.movie_id
AND t.id = ci.movie_id
AND t.id = mk.movie_id
AND t.id = cc.movie_id
AND ci.movie_id = mi.movie_id
AND ci.movie_id = mi_idx.movie_id
AND ci.movie_id = mk.movie_id
AND ci.movie_id = cc.movie_id
AND mi.movie_id = mi_idx.movie_id
AND mi.movie_id = mk.movie_id
AND mi.movie_id = cc.movie_id
AND mi_idx.movie_id = mk.movie_id
AND mi_idx.movie_id = cc.movie_id
AND mk.movie_id = cc.movie_id
AND n.id = ci.person_id
AND it1.id = mi.info_type_id
AND it2.id = mi_idx.info_type_id
AND k.id = mk.keyword_id
AND cct1.id = cc.subject_id
AND cct2.id = cc.status_id
AND cct1.kind IN ('cast', 'cast', 'cast', 'cast', 'cast')
AND cct2.kind = 'complete'
AND ci.note IN ('(producer)', '(producer)', '(producer)', '(producer)', '(producer)')
AND it1.info = 'countries'
AND it2.info = 'rating'
AND k.keyword IN ('female-nudity', 'female-nudity', 'female-nudity', 'female-nudity', 'female-nudity')
AND mi.info IN ('OFM:35 mm', 'OFM:35 mm', 'USA', 'OFM:35 mm', 'Mono')
AND n.gender = 'm'
AND t.production_year > 1991;",101,/*+  SeqScan(k) IndexScan(mk keyword_id_movie_keyword_1) SeqScan(cc) SeqScan(cct2) SeqScan(cct1) IndexScan(mi_idx movie_id_movie_info_idx_1) SeqScan(it2) IndexScan(mi movie_id_movie_info_1) IndexScan(t sampled_title_1_pkey) IndexScan(ci movie_id_cast_info_1) IndexScan(n sampled_name_1_pkey) SeqScan(it1) NestLoop(k mk) HashJoin(cc cct2) HashJoin(cc cct2 cct1) HashJoin(k mk cc cct2 cct1) NestLoop(k mk cc cct2 cct1 mi_idx) HashJoin(k mk cc cct2 cct1 mi_idx it2) NestLoop(k mk cc cct2 cct1 mi_idx it2 mi) NestLoop(k mk cc cct2 cct1 mi_idx it2 mi t) NestLoop(k mk cc cct2 cct1 mi_idx it2 mi t ci) NestLoop(k mk cc cct2 cct1 mi_idx it2 mi t ci n) HashJoin(k mk cc cct2 cct1 mi_idx it2 mi t ci n it1) Leading((((((((((k mk) ((cc cct2) cct1)) mi_idx) it2) mi) t) ci) n) it1)) */
"SELECT MIN(mi.info) AS movie_budget, MIN(mi_idx.info) AS movie_votes, MIN(n.name) AS writer, MIN(t.title) AS complete_violent_movie
FROM sampled_complete_cast_1 AS cc,
    sampled_comp_cast_type_1 AS cct1,
    sampled_comp_cast_type_1 AS cct2,
    sampled_cast_info_1 AS ci,
    sampled_info_type_1 AS it1,
    sampled_info_type_1 AS it2,
    sampled_keyword_1 AS k,
    sampled_movie_info_1 AS mi,
    sampled_movie_info_idx_1 AS mi_idx,
    sampled_movie_keyword_1 AS mk,
    sampled_name_1 AS n,
    sampled_title_1 AS t
WHERE t.id = mi.movie_id
AND t.id = mi_idx.movie_id
AND t.id = ci.movie_id
AND t.id = mk.movie_id
AND t.id = cc.movie_id
AND ci.movie_id = mi.movie_id
AND ci.movie_id = mi_idx.movie_id
AND ci.movie_id = mk.movie_id
AND ci.movie_id = cc.movie_id
AND mi.movie_id = mi_idx.movie_id
AND mi.movie_id = mk.movie_id
AND mi.movie_id = cc.movie_id
AND mi_idx.movie_id = mk.movie_id
AND mi_idx.movie_id = cc.movie_id
AND mk.movie_id = cc.movie_id
AND n.id = ci.person_id
AND it1.id = mi.info_type_id
AND it2.id = mi_idx.info_type_id
AND k.id = mk.keyword_id
AND cct1.id = cc.subject_id
AND cct2.id = cc.status_id
AND cct1.kind IN ('crew', 'crew', 'crew', 'crew', 'crew')
AND cct2.kind = 'complete+verified'
AND ci.note IN ('(written by)', '(written by)', '(written by)', '(written by)', '(written by)')
AND it1.info = 'genres'
AND it2.info = 'votes distribution'
AND k.keyword IN ('number-in-title', 'based-on-play', 'based-on-play', 'nudity', 'number-in-title')
AND mi.info IN ('Drama', 'Drama', 'Drama', 'Drama', 'Comedy')
AND n.gender = 'm'
AND t.production_year > 1977;",101,/*+  SeqScan(k) IndexScan(mk keyword_id_movie_keyword_1) SeqScan(cc) SeqScan(cct2) SeqScan(cct1) IndexScan(mi_idx movie_id_movie_info_idx_1) SeqScan(it2) IndexScan(mi movie_id_movie_info_1) IndexScan(t sampled_title_1_pkey) IndexScan(ci movie_id_cast_info_1) IndexScan(n sampled_name_1_pkey) SeqScan(it1) NestLoop(k mk) HashJoin(cc cct2) HashJoin(cc cct2 cct1) HashJoin(k mk cc cct2 cct1) NestLoop(k mk cc cct2 cct1 mi_idx) HashJoin(k mk cc cct2 cct1 mi_idx it2) NestLoop(k mk cc cct2 cct1 mi_idx it2 mi) NestLoop(k mk cc cct2 cct1 mi_idx it2 mi t) NestLoop(k mk cc cct2 cct1 mi_idx it2 mi t ci) NestLoop(k mk cc cct2 cct1 mi_idx it2 mi t ci n) HashJoin(k mk cc cct2 cct1 mi_idx it2 mi t ci n it1) Leading((((((((((k mk) ((cc cct2) cct1)) mi_idx) it2) mi) t) ci) n) it1)) */
"SELECT MIN(mi.info) AS movie_budget, MIN(mi_idx.info) AS movie_votes, MIN(n.name) AS writer, MIN(t.title) AS complete_violent_movie
FROM sampled_complete_cast_1 AS cc,
    sampled_comp_cast_type_1 AS cct1,
    sampled_comp_cast_type_1 AS cct2,
    sampled_cast_info_1 AS ci,
    sampled_info_type_1 AS it1,
    sampled_info_type_1 AS it2,
    sampled_keyword_1 AS k,
    sampled_movie_info_1 AS mi,
    sampled_movie_info_idx_1 AS mi_idx,
    sampled_movie_keyword_1 AS mk,
    sampled_name_1 AS n,
    sampled_title_1 AS t
WHERE t.id = mi.movie_id
AND t.id = mi_idx.movie_id
AND t.id = ci.movie_id
AND t.id = mk.movie_id
AND t.id = cc.movie_id
AND ci.movie_id = mi.movie_id
AND ci.movie_id = mi_idx.movie_id
AND ci.movie_id = mk.movie_id
AND ci.movie_id = cc.movie_id
AND mi.movie_id = mi_idx.movie_id
AND mi.movie_id = mk.movie_id
AND mi.movie_id = cc.movie_id
AND mi_idx.movie_id = mk.movie_id
AND mi_idx.movie_id = cc.movie_id
AND mk.movie_id = cc.movie_id
AND n.id = ci.person_id
AND it1.id = mi.info_type_id
AND it2.id = mi_idx.info_type_id
AND k.id = mk.keyword_id
AND cct1.id = cc.subject_id
AND cct2.id = cc.status_id
AND cct1.kind IN ('cast', 'cast', 'cast', 'cast', 'cast')
AND cct2.kind = 'complete+verified'
AND ci.note IN ('(voice)', '(associate producer)', '(writer)', '(director of photography)', '(location manager)')
AND it1.info = 'countries'
AND it2.info = 'top 250 rank'
AND k.keyword IN ('sex', 'sex', 'sex', 'sex', 'sex')
AND mi.info IN ('USA', 'OFM:35 mm', 'RAT:1.33 : 1', 'OFM:35 mm', 'PFM:35 mm')
AND n.gender = 'm'
AND t.production_year > 1965;",101,/*+  SeqScan(k) IndexScan(mk keyword_id_movie_keyword_1) SeqScan(cc) SeqScan(cct2) SeqScan(cct1) IndexScan(mi_idx movie_id_movie_info_idx_1) SeqScan(it2) IndexScan(mi movie_id_movie_info_1) IndexScan(t sampled_title_1_pkey) IndexScan(ci movie_id_cast_info_1) IndexScan(n sampled_name_1_pkey) SeqScan(it1) NestLoop(k mk) HashJoin(cc cct2) HashJoin(cc cct2 cct1) HashJoin(k mk cc cct2 cct1) NestLoop(k mk cc cct2 cct1 mi_idx) HashJoin(k mk cc cct2 cct1 mi_idx it2) NestLoop(k mk cc cct2 cct1 mi_idx it2 mi) NestLoop(k mk cc cct2 cct1 mi_idx it2 mi t) NestLoop(k mk cc cct2 cct1 mi_idx it2 mi t ci) NestLoop(k mk cc cct2 cct1 mi_idx it2 mi t ci n) HashJoin(k mk cc cct2 cct1 mi_idx it2 mi t ci n it1) Leading((((((((((k mk) ((cc cct2) cct1)) mi_idx) it2) mi) t) ci) n) it1)) */
"SELECT MIN(mi.info) AS movie_budget, MIN(mi_idx.info) AS movie_votes, MIN(n.name) AS writer, MIN(t.title) AS complete_violent_movie
FROM sampled_complete_cast_1 AS cc,
    sampled_comp_cast_type_1 AS cct1,
    sampled_comp_cast_type_1 AS cct2,
    sampled_cast_info_1 AS ci,
    sampled_info_type_1 AS it1,
    sampled_info_type_1 AS it2,
    sampled_keyword_1 AS k,
    sampled_movie_info_1 AS mi,
    sampled_movie_info_idx_1 AS mi_idx,
    sampled_movie_keyword_1 AS mk,
    sampled_name_1 AS n,
    sampled_title_1 AS t
WHERE t.id = mi.movie_id
AND t.id = mi_idx.movie_id
AND t.id = ci.movie_id
AND t.id = mk.movie_id
AND t.id = cc.movie_id
AND ci.movie_id = mi.movie_id
AND ci.movie_id = mi_idx.movie_id
AND ci.movie_id = mk.movie_id
AND ci.movie_id = cc.movie_id
AND mi.movie_id = mi_idx.movie_id
AND mi.movie_id = mk.movie_id
AND mi.movie_id = cc.movie_id
AND mi_idx.movie_id = mk.movie_id
AND mi_idx.movie_id = cc.movie_id
AND mk.movie_id = cc.movie_id
AND n.id = ci.person_id
AND it1.id = mi.info_type_id
AND it2.id = mi_idx.info_type_id
AND k.id = mk.keyword_id
AND cct1.id = cc.subject_id
AND cct2.id = cc.status_id
AND cct1.kind IN ('crew', 'crew', 'crew', 'crew', 'crew')
AND cct2.kind = 'complete+verified'
AND ci.note IN ('(director of photography)', '(creator)', '(archive footage)', '(production assistant)', '(writer)')
AND it1.info = 'genres'
AND it2.info = 'votes'
AND k.keyword IN ('murder', 'murder', 'murder', 'murder', 'murder')
AND mi.info IN ('Comedy', 'Comedy', 'Comedy', 'Comedy', 'Comedy')
AND n.gender = 'm'
AND t.production_year > 1981;",101,/*+  SeqScan(k) IndexScan(mk keyword_id_movie_keyword_1) SeqScan(cc) SeqScan(cct2) SeqScan(cct1) IndexScan(mi_idx movie_id_movie_info_idx_1) SeqScan(it2) IndexScan(mi movie_id_movie_info_1) IndexScan(t sampled_title_1_pkey) IndexScan(ci movie_id_cast_info_1) IndexScan(n sampled_name_1_pkey) SeqScan(it1) NestLoop(k mk) HashJoin(cc cct2) HashJoin(cc cct2 cct1) HashJoin(k mk cc cct2 cct1) NestLoop(k mk cc cct2 cct1 mi_idx) HashJoin(k mk cc cct2 cct1 mi_idx it2) NestLoop(k mk cc cct2 cct1 mi_idx it2 mi) NestLoop(k mk cc cct2 cct1 mi_idx it2 mi t) NestLoop(k mk cc cct2 cct1 mi_idx it2 mi t ci) NestLoop(k mk cc cct2 cct1 mi_idx it2 mi t ci n) HashJoin(k mk cc cct2 cct1 mi_idx it2 mi t ci n it1) Leading((((((((((k mk) ((cc cct2) cct1)) mi_idx) it2) mi) t) ci) n) it1)) */
"SELECT MIN(mi.info) AS movie_budget, MIN(mi_idx.info) AS movie_votes, MIN(n.name) AS writer, MIN(t.title) AS complete_violent_movie
FROM sampled_complete_cast_1 AS cc,
    sampled_comp_cast_type_1 AS cct1,
    sampled_comp_cast_type_1 AS cct2,
    sampled_cast_info_1 AS ci,
    sampled_info_type_1 AS it1,
    sampled_info_type_1 AS it2,
    sampled_keyword_1 AS k,
    sampled_movie_info_1 AS mi,
    sampled_movie_info_idx_1 AS mi_idx,
    sampled_movie_keyword_1 AS mk,
    sampled_name_1 AS n,
    sampled_title_1 AS t
WHERE t.id = mi.movie_id
AND t.id = mi_idx.movie_id
AND t.id = ci.movie_id
AND t.id = mk.movie_id
AND t.id = cc.movie_id
AND ci.movie_id = mi.movie_id
AND ci.movie_id = mi_idx.movie_id
AND ci.movie_id = mk.movie_id
AND ci.movie_id = cc.movie_id
AND mi.movie_id = mi_idx.movie_id
AND mi.movie_id = mk.movie_id
AND mi.movie_id = cc.movie_id
AND mi_idx.movie_id = mk.movie_id
AND mi_idx.movie_id = cc.movie_id
AND mk.movie_id = cc.movie_id
AND n.id = ci.person_id
AND it1.id = mi.info_type_id
AND it2.id = mi_idx.info_type_id
AND k.id = mk.keyword_id
AND cct1.id = cc.subject_id
AND cct2.id = cc.status_id
AND cct1.kind IN ('cast', 'cast', 'cast', 'cast', 'cast')
AND cct2.kind = 'complete+verified'
AND ci.note IN ('(as Dr Yvonne Pedoussant)', '(uncredited)', '(idea)', '(underwater team) (as Doug Laughlin)', '(17 December 1983-20 December 2001)')
AND it1.info = 'countries'
AND it2.info = 'votes distribution'
AND k.keyword IN ('sex', 'sex', 'sex', 'sex', 'sex')
AND mi.info IN ('USA', '-', 'USA', 'English', '-')
AND n.gender = 'm'
AND t.production_year > 1970;",101,/*+  SeqScan(k) IndexScan(mk keyword_id_movie_keyword_1) SeqScan(cc) SeqScan(cct2) SeqScan(cct1) IndexScan(mi_idx movie_id_movie_info_idx_1) SeqScan(it2) IndexScan(mi movie_id_movie_info_1) IndexScan(t sampled_title_1_pkey) IndexScan(ci movie_id_cast_info_1) IndexScan(n sampled_name_1_pkey) SeqScan(it1) NestLoop(k mk) HashJoin(cc cct2) HashJoin(cc cct2 cct1) HashJoin(k mk cc cct2 cct1) NestLoop(k mk cc cct2 cct1 mi_idx) HashJoin(k mk cc cct2 cct1 mi_idx it2) NestLoop(k mk cc cct2 cct1 mi_idx it2 mi) NestLoop(k mk cc cct2 cct1 mi_idx it2 mi t) NestLoop(k mk cc cct2 cct1 mi_idx it2 mi t ci) NestLoop(k mk cc cct2 cct1 mi_idx it2 mi t ci n) HashJoin(k mk cc cct2 cct1 mi_idx it2 mi t ci n it1) Leading((((((((((k mk) ((cc cct2) cct1)) mi_idx) it2) mi) t) ci) n) it1)) */
"SELECT MIN(mi.info) AS movie_budget, MIN(mi_idx.info) AS movie_votes, MIN(n.name) AS writer, MIN(t.title) AS complete_violent_movie
FROM sampled_complete_cast_1 AS cc,
    sampled_comp_cast_type_1 AS cct1,
    sampled_comp_cast_type_1 AS cct2,
    sampled_cast_info_1 AS ci,
    sampled_info_type_1 AS it1,
    sampled_info_type_1 AS it2,
    sampled_keyword_1 AS k,
    sampled_movie_info_1 AS mi,
    sampled_movie_info_idx_1 AS mi_idx,
    sampled_movie_keyword_1 AS mk,
    sampled_name_1 AS n,
    sampled_title_1 AS t
WHERE t.id = mi.movie_id
AND t.id = mi_idx.movie_id
AND t.id = ci.movie_id
AND t.id = mk.movie_id
AND t.id = cc.movie_id
AND ci.movie_id = mi.movie_id
AND ci.movie_id = mi_idx.movie_id
AND ci.movie_id = mk.movie_id
AND ci.movie_id = cc.movie_id
AND mi.movie_id = mi_idx.movie_id
AND mi.movie_id = mk.movie_id
AND mi.movie_id = cc.movie_id
AND mi_idx.movie_id = mk.movie_id
AND mi_idx.movie_id = cc.movie_id
AND mk.movie_id = cc.movie_id
AND n.id = ci.person_id
AND it1.id = mi.info_type_id
AND it2.id = mi_idx.info_type_id
AND k.id = mk.keyword_id
AND cct1.id = cc.subject_id
AND cct2.id = cc.status_id
AND cct1.kind IN ('cast', 'cast', 'cast', 'cast', 'cast')
AND cct2.kind = 'complete'
AND ci.note IN ('(voice)', '(uncredited)', '(producer)', '(uncredited)', '(producer)')
AND it1.info = 'countries'
AND it2.info = 'votes'
AND k.keyword IN ('sex', 'sex', 'sex', 'sex', 'sex')
AND mi.info IN ('Thriller', 'UK', 'Thriller', 'NTSC', 'Dolby Surround')
AND n.gender = 'm'
AND t.production_year > 1964;",101,/*+  SeqScan(k) IndexScan(mk keyword_id_movie_keyword_1) SeqScan(cc) SeqScan(cct2) SeqScan(cct1) IndexScan(mi_idx movie_id_movie_info_idx_1) SeqScan(it2) IndexScan(mi movie_id_movie_info_1) IndexScan(t sampled_title_1_pkey) IndexScan(ci movie_id_cast_info_1) IndexScan(n sampled_name_1_pkey) SeqScan(it1) NestLoop(k mk) HashJoin(cc cct2) HashJoin(cc cct2 cct1) HashJoin(k mk cc cct2 cct1) NestLoop(k mk cc cct2 cct1 mi_idx) HashJoin(k mk cc cct2 cct1 mi_idx it2) NestLoop(k mk cc cct2 cct1 mi_idx it2 mi) NestLoop(k mk cc cct2 cct1 mi_idx it2 mi t) NestLoop(k mk cc cct2 cct1 mi_idx it2 mi t ci) NestLoop(k mk cc cct2 cct1 mi_idx it2 mi t ci n) HashJoin(k mk cc cct2 cct1 mi_idx it2 mi t ci n it1) Leading((((((((((k mk) ((cc cct2) cct1)) mi_idx) it2) mi) t) ci) n) it1)) */
"SELECT MIN(mi.info) AS movie_budget, MIN(mi_idx.info) AS movie_votes, MIN(n.name) AS writer, MIN(t.title) AS complete_violent_movie
FROM sampled_complete_cast_1 AS cc,
    sampled_comp_cast_type_1 AS cct1,
    sampled_comp_cast_type_1 AS cct2,
    sampled_cast_info_1 AS ci,
    sampled_info_type_1 AS it1,
    sampled_info_type_1 AS it2,
    sampled_keyword_1 AS k,
    sampled_movie_info_1 AS mi,
    sampled_movie_info_idx_1 AS mi_idx,
    sampled_movie_keyword_1 AS mk,
    sampled_name_1 AS n,
    sampled_title_1 AS t
WHERE t.id = mi.movie_id
AND t.id = mi_idx.movie_id
AND t.id = ci.movie_id
AND t.id = mk.movie_id
AND t.id = cc.movie_id
AND ci.movie_id = mi.movie_id
AND ci.movie_id = mi_idx.movie_id
AND ci.movie_id = mk.movie_id
AND ci.movie_id = cc.movie_id
AND mi.movie_id = mi_idx.movie_id
AND mi.movie_id = mk.movie_id
AND mi.movie_id = cc.movie_id
AND mi_idx.movie_id = mk.movie_id
AND mi_idx.movie_id = cc.movie_id
AND mk.movie_id = cc.movie_id
AND n.id = ci.person_id
AND it1.id = mi.info_type_id
AND it2.id = mi_idx.info_type_id
AND k.id = mk.keyword_id
AND cct1.id = cc.subject_id
AND cct2.id = cc.status_id
AND cct1.kind IN ('crew', 'crew', 'crew', 'crew', 'crew')
AND cct2.kind = 'complete'
AND ci.note IN ('(associate producer)', '(associate producer)', '(associate producer)', '(production assistant)', '(associate producer)')
AND it1.info = 'countries'
AND it2.info = 'votes distribution'
AND k.keyword IN ('female-frontal-nudity', 'love', 'husband-wife-relationship', 'tv-mini-series', 'police')
AND mi.info IN ('USA', 'USA', 'USA', 'PFM:35 mm', 'USA')
AND n.gender = 'm'
AND t.production_year > 1962;",101,/*+  SeqScan(k) IndexScan(mk keyword_id_movie_keyword_1) SeqScan(cc) SeqScan(cct2) SeqScan(cct1) IndexScan(mi_idx movie_id_movie_info_idx_1) SeqScan(it2) IndexScan(mi movie_id_movie_info_1) IndexScan(t sampled_title_1_pkey) IndexScan(ci movie_id_cast_info_1) IndexScan(n sampled_name_1_pkey) SeqScan(it1) NestLoop(k mk) HashJoin(cc cct2) HashJoin(cc cct2 cct1) HashJoin(k mk cc cct2 cct1) NestLoop(k mk cc cct2 cct1 mi_idx) HashJoin(k mk cc cct2 cct1 mi_idx it2) NestLoop(k mk cc cct2 cct1 mi_idx it2 mi) NestLoop(k mk cc cct2 cct1 mi_idx it2 mi t) NestLoop(k mk cc cct2 cct1 mi_idx it2 mi t ci) NestLoop(k mk cc cct2 cct1 mi_idx it2 mi t ci n) HashJoin(k mk cc cct2 cct1 mi_idx it2 mi t ci n it1) Leading((((((((((k mk) ((cc cct2) cct1)) mi_idx) it2) mi) t) ci) n) it1)) */
"SELECT MIN(mi.info) AS movie_budget, MIN(mi_idx.info) AS movie_votes, MIN(n.name) AS writer, MIN(t.title) AS complete_violent_movie
FROM sampled_complete_cast_1 AS cc,
    sampled_comp_cast_type_1 AS cct1,
    sampled_comp_cast_type_1 AS cct2,
    sampled_cast_info_1 AS ci,
    sampled_info_type_1 AS it1,
    sampled_info_type_1 AS it2,
    sampled_keyword_1 AS k,
    sampled_movie_info_1 AS mi,
    sampled_movie_info_idx_1 AS mi_idx,
    sampled_movie_keyword_1 AS mk,
    sampled_name_1 AS n,
    sampled_title_1 AS t
WHERE t.id = mi.movie_id
AND t.id = mi_idx.movie_id
AND t.id = ci.movie_id
AND t.id = mk.movie_id
AND t.id = cc.movie_id
AND ci.movie_id = mi.movie_id
AND ci.movie_id = mi_idx.movie_id
AND ci.movie_id = mk.movie_id
AND ci.movie_id = cc.movie_id
AND mi.movie_id = mi_idx.movie_id
AND mi.movie_id = mk.movie_id
AND mi.movie_id = cc.movie_id
AND mi_idx.movie_id = mk.movie_id
AND mi_idx.movie_id = cc.movie_id
AND mk.movie_id = cc.movie_id
AND n.id = ci.person_id
AND it1.id = mi.info_type_id
AND it2.id = mi_idx.info_type_id
AND k.id = mk.keyword_id
AND cct1.id = cc.subject_id
AND cct2.id = cc.status_id
AND cct1.kind IN ('crew', 'crew', 'crew', 'crew', 'crew')
AND cct2.kind = 'complete'
AND ci.note IN ('(executive producer)', '(executive producer)', '(production assistant)', '(production assistant)', '(production assistant)')
AND it1.info = 'genres'
AND it2.info = 'votes distribution'
AND k.keyword IN ('number-in-title', 'based-on-play', 'based-on-play', 'number-in-title', 'number-in-title')
AND mi.info IN ('Drama', 'Drama', 'Drama', 'Drama', 'Drama')
AND n.gender = 'm'
AND t.production_year > 1984;",101,/*+  SeqScan(k) IndexScan(mk keyword_id_movie_keyword_1) SeqScan(cc) SeqScan(cct2) SeqScan(cct1) IndexScan(mi_idx movie_id_movie_info_idx_1) SeqScan(it2) IndexScan(mi movie_id_movie_info_1) IndexScan(t sampled_title_1_pkey) IndexScan(ci movie_id_cast_info_1) IndexScan(n sampled_name_1_pkey) SeqScan(it1) NestLoop(k mk) HashJoin(cc cct2) HashJoin(cc cct2 cct1) HashJoin(k mk cc cct2 cct1) NestLoop(k mk cc cct2 cct1 mi_idx) HashJoin(k mk cc cct2 cct1 mi_idx it2) NestLoop(k mk cc cct2 cct1 mi_idx it2 mi) NestLoop(k mk cc cct2 cct1 mi_idx it2 mi t) NestLoop(k mk cc cct2 cct1 mi_idx it2 mi t ci) NestLoop(k mk cc cct2 cct1 mi_idx it2 mi t ci n) HashJoin(k mk cc cct2 cct1 mi_idx it2 mi t ci n it1) Leading((((((((((k mk) ((cc cct2) cct1)) mi_idx) it2) mi) t) ci) n) it1)) */
"SELECT MIN(mi.info) AS movie_budget, MIN(mi_idx.info) AS movie_votes, MIN(n.name) AS writer, MIN(t.title) AS complete_violent_movie
FROM sampled_complete_cast_1 AS cc,
    sampled_comp_cast_type_1 AS cct1,
    sampled_comp_cast_type_1 AS cct2,
    sampled_cast_info_1 AS ci,
    sampled_info_type_1 AS it1,
    sampled_info_type_1 AS it2,
    sampled_keyword_1 AS k,
    sampled_movie_info_1 AS mi,
    sampled_movie_info_idx_1 AS mi_idx,
    sampled_movie_keyword_1 AS mk,
    sampled_name_1 AS n,
    sampled_title_1 AS t
WHERE t.id = mi.movie_id
AND t.id = mi_idx.movie_id
AND t.id = ci.movie_id
AND t.id = mk.movie_id
AND t.id = cc.movie_id
AND ci.movie_id = mi.movie_id
AND ci.movie_id = mi_idx.movie_id
AND ci.movie_id = mk.movie_id
AND ci.movie_id = cc.movie_id
AND mi.movie_id = mi_idx.movie_id
AND mi.movie_id = mk.movie_id
AND mi.movie_id = cc.movie_id
AND mi_idx.movie_id = mk.movie_id
AND mi_idx.movie_id = cc.movie_id
AND mk.movie_id = cc.movie_id
AND n.id = ci.person_id
AND it1.id = mi.info_type_id
AND it2.id = mi_idx.info_type_id
AND k.id = mk.keyword_id
AND cct1.id = cc.subject_id
AND cct2.id = cc.status_id
AND cct1.kind IN ('cast', 'cast', 'cast', 'cast', 'cast')
AND cct2.kind = 'complete'
AND ci.note IN ('(producer)', '(producer)', '(producer)', '(producer)', '(producer)')
AND it1.info = 'countries'
AND it2.info = 'votes'
AND k.keyword IN ('independent-film', 'character-name-in-title', 'independent-film', 'character-name-in-title', 'independent-film')
AND mi.info IN ('-', 'UK', 'UK', 'PCS:Spherical', '-')
AND n.gender = 'm'
AND t.production_year > 1991;",101,/*+  SeqScan(k) IndexScan(mk keyword_id_movie_keyword_1) SeqScan(cc) SeqScan(cct2) SeqScan(cct1) IndexScan(mi_idx movie_id_movie_info_idx_1) SeqScan(it2) IndexScan(mi movie_id_movie_info_1) IndexScan(t sampled_title_1_pkey) IndexScan(ci movie_id_cast_info_1) IndexScan(n sampled_name_1_pkey) SeqScan(it1) NestLoop(k mk) HashJoin(cc cct2) HashJoin(cc cct2 cct1) HashJoin(k mk cc cct2 cct1) NestLoop(k mk cc cct2 cct1 mi_idx) HashJoin(k mk cc cct2 cct1 mi_idx it2) NestLoop(k mk cc cct2 cct1 mi_idx it2 mi) NestLoop(k mk cc cct2 cct1 mi_idx it2 mi t) NestLoop(k mk cc cct2 cct1 mi_idx it2 mi t ci) NestLoop(k mk cc cct2 cct1 mi_idx it2 mi t ci n) HashJoin(k mk cc cct2 cct1 mi_idx it2 mi t ci n it1) Leading((((((((((k mk) ((cc cct2) cct1)) mi_idx) it2) mi) t) ci) n) it1)) */
"SELECT MIN(mi.info) AS movie_budget, MIN(mi_idx.info) AS movie_votes, MIN(n.name) AS writer, MIN(t.title) AS complete_violent_movie
FROM sampled_complete_cast_1 AS cc,
    sampled_comp_cast_type_1 AS cct1,
    sampled_comp_cast_type_1 AS cct2,
    sampled_cast_info_1 AS ci,
    sampled_info_type_1 AS it1,
    sampled_info_type_1 AS it2,
    sampled_keyword_1 AS k,
    sampled_movie_info_1 AS mi,
    sampled_movie_info_idx_1 AS mi_idx,
    sampled_movie_keyword_1 AS mk,
    sampled_name_1 AS n,
    sampled_title_1 AS t
WHERE t.id = mi.movie_id
AND t.id = mi_idx.movie_id
AND t.id = ci.movie_id
AND t.id = mk.movie_id
AND t.id = cc.movie_id
AND ci.movie_id = mi.movie_id
AND ci.movie_id = mi_idx.movie_id
AND ci.movie_id = mk.movie_id
AND ci.movie_id = cc.movie_id
AND mi.movie_id = mi_idx.movie_id
AND mi.movie_id = mk.movie_id
AND mi.movie_id = cc.movie_id
AND mi_idx.movie_id = mk.movie_id
AND mi_idx.movie_id = cc.movie_id
AND mk.movie_id = cc.movie_id
AND n.id = ci.person_id
AND it1.id = mi.info_type_id
AND it2.id = mi_idx.info_type_id
AND k.id = mk.keyword_id
AND cct1.id = cc.subject_id
AND cct2.id = cc.status_id
AND cct1.kind IN ('crew', 'crew', 'crew', 'crew', 'crew')
AND cct2.kind = 'complete+verified'
AND ci.note IN ('(production assistant)', '(production assistant)', '(writer)', '(writer)', '(associate producer)')
AND it1.info = 'countries'
AND it2.info = 'rating'
AND k.keyword IN ('sex', 'sex', 'sex', 'sex', 'sex')
AND mi.info IN ('PFM:35 mm', 'OFM:35 mm', 'PFM:35 mm', 'USA', 'PFM:35 mm')
AND n.gender = 'm'
AND t.production_year > 1967;",101,/*+  SeqScan(k) IndexScan(mk keyword_id_movie_keyword_1) SeqScan(cc) SeqScan(cct2) SeqScan(cct1) IndexScan(mi_idx movie_id_movie_info_idx_1) SeqScan(it2) IndexScan(mi movie_id_movie_info_1) IndexScan(t sampled_title_1_pkey) IndexScan(ci movie_id_cast_info_1) IndexScan(n sampled_name_1_pkey) SeqScan(it1) NestLoop(k mk) HashJoin(cc cct2) HashJoin(cc cct2 cct1) HashJoin(k mk cc cct2 cct1) NestLoop(k mk cc cct2 cct1 mi_idx) HashJoin(k mk cc cct2 cct1 mi_idx it2) NestLoop(k mk cc cct2 cct1 mi_idx it2 mi) NestLoop(k mk cc cct2 cct1 mi_idx it2 mi t) NestLoop(k mk cc cct2 cct1 mi_idx it2 mi t ci) NestLoop(k mk cc cct2 cct1 mi_idx it2 mi t ci n) HashJoin(k mk cc cct2 cct1 mi_idx it2 mi t ci n it1) Leading((((((((((k mk) ((cc cct2) cct1)) mi_idx) it2) mi) t) ci) n) it1)) */
"SELECT MIN(mi.info) AS movie_budget, MIN(mi_idx.info) AS movie_votes, MIN(n.name) AS writer, MIN(t.title) AS complete_violent_movie
FROM sampled_complete_cast_1 AS cc,
    sampled_comp_cast_type_1 AS cct1,
    sampled_comp_cast_type_1 AS cct2,
    sampled_cast_info_1 AS ci,
    sampled_info_type_1 AS it1,
    sampled_info_type_1 AS it2,
    sampled_keyword_1 AS k,
    sampled_movie_info_1 AS mi,
    sampled_movie_info_idx_1 AS mi_idx,
    sampled_movie_keyword_1 AS mk,
    sampled_name_1 AS n,
    sampled_title_1 AS t
WHERE t.id = mi.movie_id
AND t.id = mi_idx.movie_id
AND t.id = ci.movie_id
AND t.id = mk.movie_id
AND t.id = cc.movie_id
AND ci.movie_id = mi.movie_id
AND ci.movie_id = mi_idx.movie_id
AND ci.movie_id = mk.movie_id
AND ci.movie_id = cc.movie_id
AND mi.movie_id = mi_idx.movie_id
AND mi.movie_id = mk.movie_id
AND mi.movie_id = cc.movie_id
AND mi_idx.movie_id = mk.movie_id
AND mi_idx.movie_id = cc.movie_id
AND mk.movie_id = cc.movie_id
AND n.id = ci.person_id
AND it1.id = mi.info_type_id
AND it2.id = mi_idx.info_type_id
AND k.id = mk.keyword_id
AND cct1.id = cc.subject_id
AND cct2.id = cc.status_id
AND cct1.kind IN ('crew', 'crew', 'crew', 'crew', 'crew')
AND cct2.kind = 'complete+verified'
AND ci.note IN ('(writer)', '(location manager)', '(creator)', '(script supervisor)', '(writer)')
AND it1.info = 'genres'
AND it2.info = 'votes distribution'
AND k.keyword IN ('female-nudity', 'female-nudity', 'female-nudity', 'female-nudity', 'female-nudity')
AND mi.info IN ('Drama', 'Drama', 'RAT:1.33 : 1', 'Drama', 'RAT:1.33 : 1')
AND n.gender = 'm'
AND t.production_year > 1985;",101,/*+  SeqScan(k) IndexScan(mk keyword_id_movie_keyword_1) SeqScan(cc) SeqScan(cct2) SeqScan(cct1) IndexScan(mi_idx movie_id_movie_info_idx_1) SeqScan(it2) IndexScan(mi movie_id_movie_info_1) IndexScan(t sampled_title_1_pkey) IndexScan(ci movie_id_cast_info_1) IndexScan(n sampled_name_1_pkey) SeqScan(it1) NestLoop(k mk) HashJoin(cc cct2) HashJoin(cc cct2 cct1) HashJoin(k mk cc cct2 cct1) NestLoop(k mk cc cct2 cct1 mi_idx) HashJoin(k mk cc cct2 cct1 mi_idx it2) NestLoop(k mk cc cct2 cct1 mi_idx it2 mi) NestLoop(k mk cc cct2 cct1 mi_idx it2 mi t) NestLoop(k mk cc cct2 cct1 mi_idx it2 mi t ci) NestLoop(k mk cc cct2 cct1 mi_idx it2 mi t ci n) HashJoin(k mk cc cct2 cct1 mi_idx it2 mi t ci n it1) Leading((((((((((k mk) ((cc cct2) cct1)) mi_idx) it2) mi) t) ci) n) it1)) */
"SELECT MIN(mi.info) AS movie_budget, MIN(mi_idx.info) AS movie_votes, MIN(n.name) AS writer, MIN(t.title) AS complete_violent_movie
FROM sampled_complete_cast_1 AS cc,
    sampled_comp_cast_type_1 AS cct1,
    sampled_comp_cast_type_1 AS cct2,
    sampled_cast_info_1 AS ci,
    sampled_info_type_1 AS it1,
    sampled_info_type_1 AS it2,
    sampled_keyword_1 AS k,
    sampled_movie_info_1 AS mi,
    sampled_movie_info_idx_1 AS mi_idx,
    sampled_movie_keyword_1 AS mk,
    sampled_name_1 AS n,
    sampled_title_1 AS t
WHERE t.id = mi.movie_id
AND t.id = mi_idx.movie_id
AND t.id = ci.movie_id
AND t.id = mk.movie_id
AND t.id = cc.movie_id
AND ci.movie_id = mi.movie_id
AND ci.movie_id = mi_idx.movie_id
AND ci.movie_id = mk.movie_id
AND ci.movie_id = cc.movie_id
AND mi.movie_id = mi_idx.movie_id
AND mi.movie_id = mk.movie_id
AND mi.movie_id = cc.movie_id
AND mi_idx.movie_id = mk.movie_id
AND mi_idx.movie_id = cc.movie_id
AND mk.movie_id = cc.movie_id
AND n.id = ci.person_id
AND it1.id = mi.info_type_id
AND it2.id = mi_idx.info_type_id
AND k.id = mk.keyword_id
AND cct1.id = cc.subject_id
AND cct2.id = cc.status_id
AND cct1.kind IN ('crew', 'crew', 'crew', 'crew', 'crew')
AND cct2.kind = 'complete'
AND ci.note IN ('(uncredited)', '(written by)', '(writer)', '(creator)', '(written by)')
AND it1.info = 'countries'
AND it2.info = 'votes distribution'
AND k.keyword IN ('female-nudity', 'female-nudity', 'female-nudity', 'female-nudity', 'female-nudity')
AND mi.info IN ('English', 'RAT:1.33 : 1', 'Black and White', 'English', 'USA')
AND n.gender = 'm'
AND t.production_year > 1976;",101,/*+  SeqScan(k) IndexScan(mk keyword_id_movie_keyword_1) SeqScan(cc) SeqScan(cct2) SeqScan(cct1) IndexScan(mi_idx movie_id_movie_info_idx_1) SeqScan(it2) IndexScan(mi movie_id_movie_info_1) IndexScan(t sampled_title_1_pkey) IndexScan(ci movie_id_cast_info_1) IndexScan(n sampled_name_1_pkey) SeqScan(it1) NestLoop(k mk) HashJoin(cc cct2) HashJoin(cc cct2 cct1) HashJoin(k mk cc cct2 cct1) NestLoop(k mk cc cct2 cct1 mi_idx) HashJoin(k mk cc cct2 cct1 mi_idx it2) NestLoop(k mk cc cct2 cct1 mi_idx it2 mi) NestLoop(k mk cc cct2 cct1 mi_idx it2 mi t) NestLoop(k mk cc cct2 cct1 mi_idx it2 mi t ci) NestLoop(k mk cc cct2 cct1 mi_idx it2 mi t ci n) HashJoin(k mk cc cct2 cct1 mi_idx it2 mi t ci n it1) Leading((((((((((k mk) ((cc cct2) cct1)) mi_idx) it2) mi) t) ci) n) it1)) */
"SELECT MIN(mi.info) AS movie_budget, MIN(mi_idx.info) AS movie_votes, MIN(n.name) AS writer, MIN(t.title) AS complete_violent_movie
FROM sampled_complete_cast_1 AS cc,
    sampled_comp_cast_type_1 AS cct1,
    sampled_comp_cast_type_1 AS cct2,
    sampled_cast_info_1 AS ci,
    sampled_info_type_1 AS it1,
    sampled_info_type_1 AS it2,
    sampled_keyword_1 AS k,
    sampled_movie_info_1 AS mi,
    sampled_movie_info_idx_1 AS mi_idx,
    sampled_movie_keyword_1 AS mk,
    sampled_name_1 AS n,
    sampled_title_1 AS t
WHERE t.id = mi.movie_id
AND t.id = mi_idx.movie_id
AND t.id = ci.movie_id
AND t.id = mk.movie_id
AND t.id = cc.movie_id
AND ci.movie_id = mi.movie_id
AND ci.movie_id = mi_idx.movie_id
AND ci.movie_id = mk.movie_id
AND ci.movie_id = cc.movie_id
AND mi.movie_id = mi_idx.movie_id
AND mi.movie_id = mk.movie_id
AND mi.movie_id = cc.movie_id
AND mi_idx.movie_id = mk.movie_id
AND mi_idx.movie_id = cc.movie_id
AND mk.movie_id = cc.movie_id
AND n.id = ci.person_id
AND it1.id = mi.info_type_id
AND it2.id = mi_idx.info_type_id
AND k.id = mk.keyword_id
AND cct1.id = cc.subject_id
AND cct2.id = cc.status_id
AND cct1.kind IN ('cast', 'cast', 'cast', 'cast', 'cast')
AND cct2.kind = 'complete+verified'
AND ci.note IN ('(producer)', '(voice)', '(voice)', '(voice)', '(voice)')
AND it1.info = 'countries'
AND it2.info = 'votes distribution'
AND k.keyword IN ('martial-arts', 'police', 'non-fiction', 'arcade-game', 'cult-film')
AND mi.info IN ('RAT:1.33 : 1', 'USA', 'OFM:35 mm', 'OFM:35 mm', 'PFM:35 mm')
AND n.gender = 'm'
AND t.production_year > 1973;",101,/*+  SeqScan(k) IndexScan(mk keyword_id_movie_keyword_1) SeqScan(cc) SeqScan(cct2) SeqScan(cct1) IndexScan(mi_idx movie_id_movie_info_idx_1) SeqScan(it2) IndexScan(mi movie_id_movie_info_1) IndexScan(t sampled_title_1_pkey) IndexScan(ci movie_id_cast_info_1) IndexScan(n sampled_name_1_pkey) SeqScan(it1) NestLoop(k mk) HashJoin(cc cct2) HashJoin(cc cct2 cct1) HashJoin(k mk cc cct2 cct1) NestLoop(k mk cc cct2 cct1 mi_idx) HashJoin(k mk cc cct2 cct1 mi_idx it2) NestLoop(k mk cc cct2 cct1 mi_idx it2 mi) NestLoop(k mk cc cct2 cct1 mi_idx it2 mi t) NestLoop(k mk cc cct2 cct1 mi_idx it2 mi t ci) NestLoop(k mk cc cct2 cct1 mi_idx it2 mi t ci n) HashJoin(k mk cc cct2 cct1 mi_idx it2 mi t ci n it1) Leading((((((((((k mk) ((cc cct2) cct1)) mi_idx) it2) mi) t) ci) n) it1)) */
"SELECT MIN(mi.info) AS movie_budget, MIN(mi_idx.info) AS movie_votes, MIN(n.name) AS writer, MIN(t.title) AS complete_violent_movie
FROM sampled_complete_cast_1 AS cc,
    sampled_comp_cast_type_1 AS cct1,
    sampled_comp_cast_type_1 AS cct2,
    sampled_cast_info_1 AS ci,
    sampled_info_type_1 AS it1,
    sampled_info_type_1 AS it2,
    sampled_keyword_1 AS k,
    sampled_movie_info_1 AS mi,
    sampled_movie_info_idx_1 AS mi_idx,
    sampled_movie_keyword_1 AS mk,
    sampled_name_1 AS n,
    sampled_title_1 AS t
WHERE t.id = mi.movie_id
AND t.id = mi_idx.movie_id
AND t.id = ci.movie_id
AND t.id = mk.movie_id
AND t.id = cc.movie_id
AND ci.movie_id = mi.movie_id
AND ci.movie_id = mi_idx.movie_id
AND ci.movie_id = mk.movie_id
AND ci.movie_id = cc.movie_id
AND mi.movie_id = mi_idx.movie_id
AND mi.movie_id = mk.movie_id
AND mi.movie_id = cc.movie_id
AND mi_idx.movie_id = mk.movie_id
AND mi_idx.movie_id = cc.movie_id
AND mk.movie_id = cc.movie_id
AND n.id = ci.person_id
AND it1.id = mi.info_type_id
AND it2.id = mi_idx.info_type_id
AND k.id = mk.keyword_id
AND cct1.id = cc.subject_id
AND cct2.id = cc.status_id
AND cct1.kind IN ('crew', 'crew', 'crew', 'crew', 'crew')
AND cct2.kind = 'complete'
AND ci.note IN ('(written by)', '(written by)', '(written by)', '(written by)', '(written by)')
AND it1.info = 'countries'
AND it2.info = 'rating'
AND k.keyword IN ('sex', 'sex', 'sex', 'sex', 'sex')
AND mi.info IN ('USA', 'USA', 'USA', 'USA', 'USA')
AND n.gender = 'm'
AND t.production_year > 1987;",101,/*+  SeqScan(k) IndexScan(mk keyword_id_movie_keyword_1) SeqScan(cc) SeqScan(cct2) SeqScan(cct1) IndexScan(mi_idx movie_id_movie_info_idx_1) SeqScan(it2) IndexScan(mi movie_id_movie_info_1) IndexScan(t sampled_title_1_pkey) IndexScan(ci movie_id_cast_info_1) IndexScan(n sampled_name_1_pkey) SeqScan(it1) NestLoop(k mk) HashJoin(cc cct2) HashJoin(cc cct2 cct1) HashJoin(k mk cc cct2 cct1) NestLoop(k mk cc cct2 cct1 mi_idx) HashJoin(k mk cc cct2 cct1 mi_idx it2) NestLoop(k mk cc cct2 cct1 mi_idx it2 mi) NestLoop(k mk cc cct2 cct1 mi_idx it2 mi t) NestLoop(k mk cc cct2 cct1 mi_idx it2 mi t ci) NestLoop(k mk cc cct2 cct1 mi_idx it2 mi t ci n) HashJoin(k mk cc cct2 cct1 mi_idx it2 mi t ci n it1) Leading((((((((((k mk) ((cc cct2) cct1)) mi_idx) it2) mi) t) ci) n) it1)) */
"SELECT MIN(mi.info) AS movie_budget, MIN(mi_idx.info) AS movie_votes, MIN(n.name) AS writer, MIN(t.title) AS complete_violent_movie
FROM sampled_complete_cast_1 AS cc,
    sampled_comp_cast_type_1 AS cct1,
    sampled_comp_cast_type_1 AS cct2,
    sampled_cast_info_1 AS ci,
    sampled_info_type_1 AS it1,
    sampled_info_type_1 AS it2,
    sampled_keyword_1 AS k,
    sampled_movie_info_1 AS mi,
    sampled_movie_info_idx_1 AS mi_idx,
    sampled_movie_keyword_1 AS mk,
    sampled_name_1 AS n,
    sampled_title_1 AS t
WHERE t.id = mi.movie_id
AND t.id = mi_idx.movie_id
AND t.id = ci.movie_id
AND t.id = mk.movie_id
AND t.id = cc.movie_id
AND ci.movie_id = mi.movie_id
AND ci.movie_id = mi_idx.movie_id
AND ci.movie_id = mk.movie_id
AND ci.movie_id = cc.movie_id
AND mi.movie_id = mi_idx.movie_id
AND mi.movie_id = mk.movie_id
AND mi.movie_id = cc.movie_id
AND mi_idx.movie_id = mk.movie_id
AND mi_idx.movie_id = cc.movie_id
AND mk.movie_id = cc.movie_id
AND n.id = ci.person_id
AND it1.id = mi.info_type_id
AND it2.id = mi_idx.info_type_id
AND k.id = mk.keyword_id
AND cct1.id = cc.subject_id
AND cct2.id = cc.status_id
AND cct1.kind IN ('cast', 'cast', 'cast', 'cast', 'cast')
AND cct2.kind = 'complete+verified'
AND ci.note IN ('(producer)', '(producer)', '(producer)', '(producer)', '(producer)')
AND it1.info = 'genres'
AND it2.info = 'votes distribution'
AND k.keyword IN ('based-on-novel', 'based-on-novel', 'based-on-novel', 'based-on-novel', 'based-on-novel')
AND mi.info IN ('Drama', 'Drama', 'RAT:1.33 : 1', 'Drama', 'RAT:1.33 : 1')
AND n.gender = 'm'
AND t.production_year > 1992;",101,/*+  SeqScan(k) IndexScan(mk keyword_id_movie_keyword_1) SeqScan(cc) SeqScan(cct2) SeqScan(cct1) IndexScan(mi_idx movie_id_movie_info_idx_1) SeqScan(it2) IndexScan(mi movie_id_movie_info_1) IndexScan(t sampled_title_1_pkey) IndexScan(ci movie_id_cast_info_1) IndexScan(n sampled_name_1_pkey) SeqScan(it1) NestLoop(k mk) HashJoin(cc cct2) HashJoin(cc cct2 cct1) HashJoin(k mk cc cct2 cct1) NestLoop(k mk cc cct2 cct1 mi_idx) HashJoin(k mk cc cct2 cct1 mi_idx it2) NestLoop(k mk cc cct2 cct1 mi_idx it2 mi) NestLoop(k mk cc cct2 cct1 mi_idx it2 mi t) NestLoop(k mk cc cct2 cct1 mi_idx it2 mi t ci) NestLoop(k mk cc cct2 cct1 mi_idx it2 mi t ci n) HashJoin(k mk cc cct2 cct1 mi_idx it2 mi t ci n it1) Leading((((((((((k mk) ((cc cct2) cct1)) mi_idx) it2) mi) t) ci) n) it1)) */
"SELECT MIN(mi.info) AS movie_budget, MIN(mi_idx.info) AS movie_votes, MIN(n.name) AS writer, MIN(t.title) AS complete_violent_movie
FROM sampled_complete_cast_1 AS cc,
    sampled_comp_cast_type_1 AS cct1,
    sampled_comp_cast_type_1 AS cct2,
    sampled_cast_info_1 AS ci,
    sampled_info_type_1 AS it1,
    sampled_info_type_1 AS it2,
    sampled_keyword_1 AS k,
    sampled_movie_info_1 AS mi,
    sampled_movie_info_idx_1 AS mi_idx,
    sampled_movie_keyword_1 AS mk,
    sampled_name_1 AS n,
    sampled_title_1 AS t
WHERE t.id = mi.movie_id
AND t.id = mi_idx.movie_id
AND t.id = ci.movie_id
AND t.id = mk.movie_id
AND t.id = cc.movie_id
AND ci.movie_id = mi.movie_id
AND ci.movie_id = mi_idx.movie_id
AND ci.movie_id = mk.movie_id
AND ci.movie_id = cc.movie_id
AND mi.movie_id = mi_idx.movie_id
AND mi.movie_id = mk.movie_id
AND mi.movie_id = cc.movie_id
AND mi_idx.movie_id = mk.movie_id
AND mi_idx.movie_id = cc.movie_id
AND mk.movie_id = cc.movie_id
AND n.id = ci.person_id
AND it1.id = mi.info_type_id
AND it2.id = mi_idx.info_type_id
AND k.id = mk.keyword_id
AND cct1.id = cc.subject_id
AND cct2.id = cc.status_id
AND cct1.kind IN ('cast', 'cast', 'cast', 'cast', 'cast')
AND cct2.kind = 'complete+verified'
AND ci.note IN ('(uncredited)', '(uncredited)', '(uncredited)', '(uncredited)', '(uncredited)')
AND it1.info = 'genres'
AND it2.info = 'votes distribution'
AND k.keyword IN ('hardcore', 'hardcore', 'hardcore', 'hardcore', 'hardcore')
AND mi.info IN ('Documentary', 'UK', 'UK', 'Documentary', 'Comedy')
AND n.gender = 'm'
AND t.production_year > 1969;",101,/*+  SeqScan(k) IndexScan(mk keyword_id_movie_keyword_1) SeqScan(cc) SeqScan(cct2) SeqScan(cct1) IndexScan(mi_idx movie_id_movie_info_idx_1) SeqScan(it2) IndexScan(mi movie_id_movie_info_1) IndexScan(t sampled_title_1_pkey) IndexScan(ci movie_id_cast_info_1) IndexScan(n sampled_name_1_pkey) SeqScan(it1) NestLoop(k mk) HashJoin(cc cct2) HashJoin(cc cct2 cct1) HashJoin(k mk cc cct2 cct1) NestLoop(k mk cc cct2 cct1 mi_idx) HashJoin(k mk cc cct2 cct1 mi_idx it2) NestLoop(k mk cc cct2 cct1 mi_idx it2 mi) NestLoop(k mk cc cct2 cct1 mi_idx it2 mi t) NestLoop(k mk cc cct2 cct1 mi_idx it2 mi t ci) NestLoop(k mk cc cct2 cct1 mi_idx it2 mi t ci n) HashJoin(k mk cc cct2 cct1 mi_idx it2 mi t ci n it1) Leading((((((((((k mk) ((cc cct2) cct1)) mi_idx) it2) mi) t) ci) n) it1)) */
"SELECT MIN(mi.info) AS movie_budget, MIN(mi_idx.info) AS movie_votes, MIN(n.name) AS writer, MIN(t.title) AS complete_violent_movie
FROM sampled_complete_cast_1 AS cc,
    sampled_comp_cast_type_1 AS cct1,
    sampled_comp_cast_type_1 AS cct2,
    sampled_cast_info_1 AS ci,
    sampled_info_type_1 AS it1,
    sampled_info_type_1 AS it2,
    sampled_keyword_1 AS k,
    sampled_movie_info_1 AS mi,
    sampled_movie_info_idx_1 AS mi_idx,
    sampled_movie_keyword_1 AS mk,
    sampled_name_1 AS n,
    sampled_title_1 AS t
WHERE t.id = mi.movie_id
AND t.id = mi_idx.movie_id
AND t.id = ci.movie_id
AND t.id = mk.movie_id
AND t.id = cc.movie_id
AND ci.movie_id = mi.movie_id
AND ci.movie_id = mi_idx.movie_id
AND ci.movie_id = mk.movie_id
AND ci.movie_id = cc.movie_id
AND mi.movie_id = mi_idx.movie_id
AND mi.movie_id = mk.movie_id
AND mi.movie_id = cc.movie_id
AND mi_idx.movie_id = mk.movie_id
AND mi_idx.movie_id = cc.movie_id
AND mk.movie_id = cc.movie_id
AND n.id = ci.person_id
AND it1.id = mi.info_type_id
AND it2.id = mi_idx.info_type_id
AND k.id = mk.keyword_id
AND cct1.id = cc.subject_id
AND cct2.id = cc.status_id
AND cct1.kind IN ('crew', 'crew', 'crew', 'crew', 'crew')
AND cct2.kind = 'complete+verified'
AND ci.note IN ('(uncredited)', '(uncredited)', '(uncredited)', '(uncredited)', '(uncredited)')
AND it1.info = 'countries'
AND it2.info = 'rating'
AND k.keyword IN ('murder', 'murder', 'murder', 'murder', 'murder')
AND mi.info IN ('OFM:35 mm', 'OFM:35 mm', 'Mono', 'USA', 'NTSC')
AND n.gender = 'm'
AND t.production_year > 1992;",101,/*+  SeqScan(k) IndexScan(mk keyword_id_movie_keyword_1) SeqScan(cc) SeqScan(cct2) SeqScan(cct1) IndexScan(mi_idx movie_id_movie_info_idx_1) SeqScan(it2) IndexScan(mi movie_id_movie_info_1) IndexScan(t sampled_title_1_pkey) IndexScan(ci movie_id_cast_info_1) IndexScan(n sampled_name_1_pkey) SeqScan(it1) NestLoop(k mk) HashJoin(cc cct2) HashJoin(cc cct2 cct1) HashJoin(k mk cc cct2 cct1) NestLoop(k mk cc cct2 cct1 mi_idx) HashJoin(k mk cc cct2 cct1 mi_idx it2) NestLoop(k mk cc cct2 cct1 mi_idx it2 mi) NestLoop(k mk cc cct2 cct1 mi_idx it2 mi t) NestLoop(k mk cc cct2 cct1 mi_idx it2 mi t ci) NestLoop(k mk cc cct2 cct1 mi_idx it2 mi t ci n) HashJoin(k mk cc cct2 cct1 mi_idx it2 mi t ci n it1) Leading((((((((((k mk) ((cc cct2) cct1)) mi_idx) it2) mi) t) ci) n) it1)) */
"SELECT MIN(mi.info) AS movie_budget, MIN(mi_idx.info) AS movie_votes, MIN(n.name) AS writer, MIN(t.title) AS complete_violent_movie
FROM sampled_complete_cast_1 AS cc,
    sampled_comp_cast_type_1 AS cct1,
    sampled_comp_cast_type_1 AS cct2,
    sampled_cast_info_1 AS ci,
    sampled_info_type_1 AS it1,
    sampled_info_type_1 AS it2,
    sampled_keyword_1 AS k,
    sampled_movie_info_1 AS mi,
    sampled_movie_info_idx_1 AS mi_idx,
    sampled_movie_keyword_1 AS mk,
    sampled_name_1 AS n,
    sampled_title_1 AS t
WHERE t.id = mi.movie_id
AND t.id = mi_idx.movie_id
AND t.id = ci.movie_id
AND t.id = mk.movie_id
AND t.id = cc.movie_id
AND ci.movie_id = mi.movie_id
AND ci.movie_id = mi_idx.movie_id
AND ci.movie_id = mk.movie_id
AND ci.movie_id = cc.movie_id
AND mi.movie_id = mi_idx.movie_id
AND mi.movie_id = mk.movie_id
AND mi.movie_id = cc.movie_id
AND mi_idx.movie_id = mk.movie_id
AND mi_idx.movie_id = cc.movie_id
AND mk.movie_id = cc.movie_id
AND n.id = ci.person_id
AND it1.id = mi.info_type_id
AND it2.id = mi_idx.info_type_id
AND k.id = mk.keyword_id
AND cct1.id = cc.subject_id
AND cct2.id = cc.status_id
AND cct1.kind IN ('crew', 'crew', 'crew', 'crew', 'crew')
AND cct2.kind = 'complete+verified'
AND ci.note IN ('(voice)', '(producer)', '(voice)', '(producer)', '(producer)')
AND it1.info = 'countries'
AND it2.info = 'votes'
AND k.keyword IN ('based-on-novel', 'based-on-novel', 'based-on-novel', 'based-on-novel', 'based-on-novel')
AND mi.info IN ('PFM:35 mm', 'PFM:35 mm', 'PFM:35 mm', 'USA', 'USA')
AND n.gender = 'm'
AND t.production_year > 1980;",101,/*+  SeqScan(k) IndexScan(mk keyword_id_movie_keyword_1) SeqScan(cc) SeqScan(cct2) SeqScan(cct1) IndexScan(mi_idx movie_id_movie_info_idx_1) SeqScan(it2) IndexScan(mi movie_id_movie_info_1) IndexScan(t sampled_title_1_pkey) IndexScan(ci movie_id_cast_info_1) IndexScan(n sampled_name_1_pkey) SeqScan(it1) NestLoop(k mk) HashJoin(cc cct2) HashJoin(cc cct2 cct1) HashJoin(k mk cc cct2 cct1) NestLoop(k mk cc cct2 cct1 mi_idx) HashJoin(k mk cc cct2 cct1 mi_idx it2) NestLoop(k mk cc cct2 cct1 mi_idx it2 mi) NestLoop(k mk cc cct2 cct1 mi_idx it2 mi t) NestLoop(k mk cc cct2 cct1 mi_idx it2 mi t ci) NestLoop(k mk cc cct2 cct1 mi_idx it2 mi t ci n) HashJoin(k mk cc cct2 cct1 mi_idx it2 mi t ci n it1) Leading((((((((((k mk) ((cc cct2) cct1)) mi_idx) it2) mi) t) ci) n) it1)) */
"SELECT MIN(mi.info) AS movie_budget, MIN(mi_idx.info) AS movie_votes, MIN(n.name) AS writer, MIN(t.title) AS complete_violent_movie
FROM sampled_complete_cast_1 AS cc,
    sampled_comp_cast_type_1 AS cct1,
    sampled_comp_cast_type_1 AS cct2,
    sampled_cast_info_1 AS ci,
    sampled_info_type_1 AS it1,
    sampled_info_type_1 AS it2,
    sampled_keyword_1 AS k,
    sampled_movie_info_1 AS mi,
    sampled_movie_info_idx_1 AS mi_idx,
    sampled_movie_keyword_1 AS mk,
    sampled_name_1 AS n,
    sampled_title_1 AS t
WHERE t.id = mi.movie_id
AND t.id = mi_idx.movie_id
AND t.id = ci.movie_id
AND t.id = mk.movie_id
AND t.id = cc.movie_id
AND ci.movie_id = mi.movie_id
AND ci.movie_id = mi_idx.movie_id
AND ci.movie_id = mk.movie_id
AND ci.movie_id = cc.movie_id
AND mi.movie_id = mi_idx.movie_id
AND mi.movie_id = mk.movie_id
AND mi.movie_id = cc.movie_id
AND mi_idx.movie_id = mk.movie_id
AND mi_idx.movie_id = cc.movie_id
AND mk.movie_id = cc.movie_id
AND n.id = ci.person_id
AND it1.id = mi.info_type_id
AND it2.id = mi_idx.info_type_id
AND k.id = mk.keyword_id
AND cct1.id = cc.subject_id
AND cct2.id = cc.status_id
AND cct1.kind IN ('crew', 'crew', 'crew', 'crew', 'crew')
AND cct2.kind = 'complete+verified'
AND ci.note IN ('(associate producer)', '(associate producer)', '(associate producer)', '(writer)', '(production assistant)')
AND it1.info = 'genres'
AND it2.info = 'top 250 rank'
AND k.keyword IN ('murder', 'murder', 'murder', 'murder', 'murder')
AND mi.info IN ('Drama', 'Drama', 'Drama', 'Comedy', 'Comedy')
AND n.gender = 'm'
AND t.production_year > 1982;",101,/*+  SeqScan(k) IndexScan(mk keyword_id_movie_keyword_1) SeqScan(cc) SeqScan(cct2) SeqScan(cct1) IndexScan(mi_idx movie_id_movie_info_idx_1) SeqScan(it2) IndexScan(mi movie_id_movie_info_1) IndexScan(t sampled_title_1_pkey) IndexScan(ci movie_id_cast_info_1) IndexScan(n sampled_name_1_pkey) SeqScan(it1) NestLoop(k mk) HashJoin(cc cct2) HashJoin(cc cct2 cct1) HashJoin(k mk cc cct2 cct1) NestLoop(k mk cc cct2 cct1 mi_idx) HashJoin(k mk cc cct2 cct1 mi_idx it2) NestLoop(k mk cc cct2 cct1 mi_idx it2 mi) NestLoop(k mk cc cct2 cct1 mi_idx it2 mi t) NestLoop(k mk cc cct2 cct1 mi_idx it2 mi t ci) NestLoop(k mk cc cct2 cct1 mi_idx it2 mi t ci n) HashJoin(k mk cc cct2 cct1 mi_idx it2 mi t ci n it1) Leading((((((((((k mk) ((cc cct2) cct1)) mi_idx) it2) mi) t) ci) n) it1)) */
"SELECT MIN(mi.info) AS movie_budget, MIN(mi_idx.info) AS movie_votes, MIN(n.name) AS writer, MIN(t.title) AS complete_violent_movie
FROM sampled_complete_cast_1 AS cc,
    sampled_comp_cast_type_1 AS cct1,
    sampled_comp_cast_type_1 AS cct2,
    sampled_cast_info_1 AS ci,
    sampled_info_type_1 AS it1,
    sampled_info_type_1 AS it2,
    sampled_keyword_1 AS k,
    sampled_movie_info_1 AS mi,
    sampled_movie_info_idx_1 AS mi_idx,
    sampled_movie_keyword_1 AS mk,
    sampled_name_1 AS n,
    sampled_title_1 AS t
WHERE t.id = mi.movie_id
AND t.id = mi_idx.movie_id
AND t.id = ci.movie_id
AND t.id = mk.movie_id
AND t.id = cc.movie_id
AND ci.movie_id = mi.movie_id
AND ci.movie_id = mi_idx.movie_id
AND ci.movie_id = mk.movie_id
AND ci.movie_id = cc.movie_id
AND mi.movie_id = mi_idx.movie_id
AND mi.movie_id = mk.movie_id
AND mi.movie_id = cc.movie_id
AND mi_idx.movie_id = mk.movie_id
AND mi_idx.movie_id = cc.movie_id
AND mk.movie_id = cc.movie_id
AND n.id = ci.person_id
AND it1.id = mi.info_type_id
AND it2.id = mi_idx.info_type_id
AND k.id = mk.keyword_id
AND cct1.id = cc.subject_id
AND cct2.id = cc.status_id
AND cct1.kind IN ('cast', 'cast', 'cast', 'cast', 'cast')
AND cct2.kind = 'complete+verified'
AND ci.note IN ('(creator)', '(writer)', '(story)', '(written by)', '(voice)')
AND it1.info = 'countries'
AND it2.info = 'rating'
AND k.keyword IN ('water-level', 'lion-dance', 'society', 'toxic-waste-dump', 'stars-in-eyes')
AND mi.info IN ('Mono', 'Color', 'English', 'USA', 'RAT:1.33 : 1')
AND n.gender = 'm'
AND t.production_year > 1977;",101,/*+  SeqScan(k) IndexScan(mk keyword_id_movie_keyword_1) SeqScan(cc) SeqScan(cct2) SeqScan(cct1) IndexScan(mi_idx movie_id_movie_info_idx_1) SeqScan(it2) IndexScan(mi movie_id_movie_info_1) IndexScan(t sampled_title_1_pkey) IndexScan(ci movie_id_cast_info_1) IndexScan(n sampled_name_1_pkey) SeqScan(it1) NestLoop(k mk) HashJoin(cc cct2) HashJoin(cc cct2 cct1) HashJoin(k mk cc cct2 cct1) NestLoop(k mk cc cct2 cct1 mi_idx) HashJoin(k mk cc cct2 cct1 mi_idx it2) NestLoop(k mk cc cct2 cct1 mi_idx it2 mi) NestLoop(k mk cc cct2 cct1 mi_idx it2 mi t) NestLoop(k mk cc cct2 cct1 mi_idx it2 mi t ci) NestLoop(k mk cc cct2 cct1 mi_idx it2 mi t ci n) HashJoin(k mk cc cct2 cct1 mi_idx it2 mi t ci n it1) Leading((((((((((k mk) ((cc cct2) cct1)) mi_idx) it2) mi) t) ci) n) it1)) */
"SELECT MIN(mi.info) AS movie_budget, MIN(mi_idx.info) AS movie_votes, MIN(n.name) AS writer, MIN(t.title) AS complete_violent_movie
FROM sampled_complete_cast_1 AS cc,
    sampled_comp_cast_type_1 AS cct1,
    sampled_comp_cast_type_1 AS cct2,
    sampled_cast_info_1 AS ci,
    sampled_info_type_1 AS it1,
    sampled_info_type_1 AS it2,
    sampled_keyword_1 AS k,
    sampled_movie_info_1 AS mi,
    sampled_movie_info_idx_1 AS mi_idx,
    sampled_movie_keyword_1 AS mk,
    sampled_name_1 AS n,
    sampled_title_1 AS t
WHERE t.id = mi.movie_id
AND t.id = mi_idx.movie_id
AND t.id = ci.movie_id
AND t.id = mk.movie_id
AND t.id = cc.movie_id
AND ci.movie_id = mi.movie_id
AND ci.movie_id = mi_idx.movie_id
AND ci.movie_id = mk.movie_id
AND ci.movie_id = cc.movie_id
AND mi.movie_id = mi_idx.movie_id
AND mi.movie_id = mk.movie_id
AND mi.movie_id = cc.movie_id
AND mi_idx.movie_id = mk.movie_id
AND mi_idx.movie_id = cc.movie_id
AND mk.movie_id = cc.movie_id
AND n.id = ci.person_id
AND it1.id = mi.info_type_id
AND it2.id = mi_idx.info_type_id
AND k.id = mk.keyword_id
AND cct1.id = cc.subject_id
AND cct2.id = cc.status_id
AND cct1.kind IN ('crew', 'crew', 'crew', 'crew', 'crew')
AND cct2.kind = 'complete+verified'
AND ci.note IN ('(screenplay)', '(supervising producer)', '(story editor)', '(screenplay)', '(script supervisor)')
AND it1.info = 'countries'
AND it2.info = 'votes distribution'
AND k.keyword IN ('nudity', 'based-on-play', 'based-on-play', 'based-on-play', 'based-on-play')
AND mi.info IN ('RAT:1.33 : 1', 'UK', 'OFM:35 mm', 'Australia:G', 'Color')
AND n.gender = 'm'
AND t.production_year > 1987;",101,/*+  SeqScan(k) IndexScan(mk keyword_id_movie_keyword_1) SeqScan(cc) SeqScan(cct2) SeqScan(cct1) IndexScan(mi_idx movie_id_movie_info_idx_1) SeqScan(it2) IndexScan(mi movie_id_movie_info_1) IndexScan(t sampled_title_1_pkey) IndexScan(ci movie_id_cast_info_1) IndexScan(n sampled_name_1_pkey) SeqScan(it1) NestLoop(k mk) HashJoin(cc cct2) HashJoin(cc cct2 cct1) HashJoin(k mk cc cct2 cct1) NestLoop(k mk cc cct2 cct1 mi_idx) HashJoin(k mk cc cct2 cct1 mi_idx it2) NestLoop(k mk cc cct2 cct1 mi_idx it2 mi) NestLoop(k mk cc cct2 cct1 mi_idx it2 mi t) NestLoop(k mk cc cct2 cct1 mi_idx it2 mi t ci) NestLoop(k mk cc cct2 cct1 mi_idx it2 mi t ci n) HashJoin(k mk cc cct2 cct1 mi_idx it2 mi t ci n it1) Leading((((((((((k mk) ((cc cct2) cct1)) mi_idx) it2) mi) t) ci) n) it1)) */
"SELECT MIN(mi.info) AS movie_budget, MIN(mi_idx.info) AS movie_votes, MIN(n.name) AS writer, MIN(t.title) AS complete_violent_movie
FROM sampled_complete_cast_1 AS cc,
    sampled_comp_cast_type_1 AS cct1,
    sampled_comp_cast_type_1 AS cct2,
    sampled_cast_info_1 AS ci,
    sampled_info_type_1 AS it1,
    sampled_info_type_1 AS it2,
    sampled_keyword_1 AS k,
    sampled_movie_info_1 AS mi,
    sampled_movie_info_idx_1 AS mi_idx,
    sampled_movie_keyword_1 AS mk,
    sampled_name_1 AS n,
    sampled_title_1 AS t
WHERE t.id = mi.movie_id
AND t.id = mi_idx.movie_id
AND t.id = ci.movie_id
AND t.id = mk.movie_id
AND t.id = cc.movie_id
AND ci.movie_id = mi.movie_id
AND ci.movie_id = mi_idx.movie_id
AND ci.movie_id = mk.movie_id
AND ci.movie_id = cc.movie_id
AND mi.movie_id = mi_idx.movie_id
AND mi.movie_id = mk.movie_id
AND mi.movie_id = cc.movie_id
AND mi_idx.movie_id = mk.movie_id
AND mi_idx.movie_id = cc.movie_id
AND mk.movie_id = cc.movie_id
AND n.id = ci.person_id
AND it1.id = mi.info_type_id
AND it2.id = mi_idx.info_type_id
AND k.id = mk.keyword_id
AND cct1.id = cc.subject_id
AND cct2.id = cc.status_id
AND cct1.kind IN ('cast', 'cast', 'cast', 'cast', 'cast')
AND cct2.kind = 'complete+verified'
AND ci.note IN ('(executive producer)', '(executive producer)', '(executive producer)', '(executive producer)', '(executive producer)')
AND it1.info = 'genres'
AND it2.info = 'rating'
AND k.keyword IN ('murder', 'murder', 'murder', 'murder', 'murder')
AND mi.info IN ('Black and White', 'Black and White', 'Drama', 'Drama', 'Drama')
AND n.gender = 'm'
AND t.production_year > 1982;",101,/*+  SeqScan(k) IndexScan(mk keyword_id_movie_keyword_1) SeqScan(cc) SeqScan(cct2) SeqScan(cct1) IndexScan(mi_idx movie_id_movie_info_idx_1) SeqScan(it2) IndexScan(mi movie_id_movie_info_1) IndexScan(t sampled_title_1_pkey) IndexScan(ci movie_id_cast_info_1) IndexScan(n sampled_name_1_pkey) SeqScan(it1) NestLoop(k mk) HashJoin(cc cct2) HashJoin(cc cct2 cct1) HashJoin(k mk cc cct2 cct1) NestLoop(k mk cc cct2 cct1 mi_idx) HashJoin(k mk cc cct2 cct1 mi_idx it2) NestLoop(k mk cc cct2 cct1 mi_idx it2 mi) NestLoop(k mk cc cct2 cct1 mi_idx it2 mi t) NestLoop(k mk cc cct2 cct1 mi_idx it2 mi t ci) NestLoop(k mk cc cct2 cct1 mi_idx it2 mi t ci n) HashJoin(k mk cc cct2 cct1 mi_idx it2 mi t ci n it1) Leading((((((((((k mk) ((cc cct2) cct1)) mi_idx) it2) mi) t) ci) n) it1)) */
"SELECT MIN(mi.info) AS movie_budget, MIN(mi_idx.info) AS movie_votes, MIN(n.name) AS writer, MIN(t.title) AS complete_violent_movie
FROM sampled_complete_cast_1 AS cc,
    sampled_comp_cast_type_1 AS cct1,
    sampled_comp_cast_type_1 AS cct2,
    sampled_cast_info_1 AS ci,
    sampled_info_type_1 AS it1,
    sampled_info_type_1 AS it2,
    sampled_keyword_1 AS k,
    sampled_movie_info_1 AS mi,
    sampled_movie_info_idx_1 AS mi_idx,
    sampled_movie_keyword_1 AS mk,
    sampled_name_1 AS n,
    sampled_title_1 AS t
WHERE t.id = mi.movie_id
AND t.id = mi_idx.movie_id
AND t.id = ci.movie_id
AND t.id = mk.movie_id
AND t.id = cc.movie_id
AND ci.movie_id = mi.movie_id
AND ci.movie_id = mi_idx.movie_id
AND ci.movie_id = mk.movie_id
AND ci.movie_id = cc.movie_id
AND mi.movie_id = mi_idx.movie_id
AND mi.movie_id = mk.movie_id
AND mi.movie_id = cc.movie_id
AND mi_idx.movie_id = mk.movie_id
AND mi_idx.movie_id = cc.movie_id
AND mk.movie_id = cc.movie_id
AND n.id = ci.person_id
AND it1.id = mi.info_type_id
AND it2.id = mi_idx.info_type_id
AND k.id = mk.keyword_id
AND cct1.id = cc.subject_id
AND cct2.id = cc.status_id
AND cct1.kind IN ('crew', 'crew', 'crew', 'crew', 'crew')
AND cct2.kind = 'complete+verified'
AND ci.note IN ('(creator)', '(written by)', '(screenplay)', '(director of photography)', '(written by)')
AND it1.info = 'genres'
AND it2.info = 'rating'
AND k.keyword IN ('sex', 'sex', 'sex', 'sex', 'sex')
AND mi.info IN ('2', 'Horror', '2', 'RAT:2.35 : 1', '2')
AND n.gender = 'm'
AND t.production_year > 1988;",101,/*+  SeqScan(k) IndexScan(mk keyword_id_movie_keyword_1) SeqScan(cc) SeqScan(cct2) SeqScan(cct1) IndexScan(mi_idx movie_id_movie_info_idx_1) SeqScan(it2) IndexScan(mi movie_id_movie_info_1) IndexScan(t sampled_title_1_pkey) IndexScan(ci movie_id_cast_info_1) IndexScan(n sampled_name_1_pkey) SeqScan(it1) NestLoop(k mk) HashJoin(cc cct2) HashJoin(cc cct2 cct1) HashJoin(k mk cc cct2 cct1) NestLoop(k mk cc cct2 cct1 mi_idx) HashJoin(k mk cc cct2 cct1 mi_idx it2) NestLoop(k mk cc cct2 cct1 mi_idx it2 mi) NestLoop(k mk cc cct2 cct1 mi_idx it2 mi t) NestLoop(k mk cc cct2 cct1 mi_idx it2 mi t ci) NestLoop(k mk cc cct2 cct1 mi_idx it2 mi t ci n) HashJoin(k mk cc cct2 cct1 mi_idx it2 mi t ci n it1) Leading((((((((((k mk) ((cc cct2) cct1)) mi_idx) it2) mi) t) ci) n) it1)) */
"SELECT MIN(mi.info) AS movie_budget, MIN(mi_idx.info) AS movie_votes, MIN(n.name) AS writer, MIN(t.title) AS complete_violent_movie
FROM sampled_complete_cast_1 AS cc,
    sampled_comp_cast_type_1 AS cct1,
    sampled_comp_cast_type_1 AS cct2,
    sampled_cast_info_1 AS ci,
    sampled_info_type_1 AS it1,
    sampled_info_type_1 AS it2,
    sampled_keyword_1 AS k,
    sampled_movie_info_1 AS mi,
    sampled_movie_info_idx_1 AS mi_idx,
    sampled_movie_keyword_1 AS mk,
    sampled_name_1 AS n,
    sampled_title_1 AS t
WHERE t.id = mi.movie_id
AND t.id = mi_idx.movie_id
AND t.id = ci.movie_id
AND t.id = mk.movie_id
AND t.id = cc.movie_id
AND ci.movie_id = mi.movie_id
AND ci.movie_id = mi_idx.movie_id
AND ci.movie_id = mk.movie_id
AND ci.movie_id = cc.movie_id
AND mi.movie_id = mi_idx.movie_id
AND mi.movie_id = mk.movie_id
AND mi.movie_id = cc.movie_id
AND mi_idx.movie_id = mk.movie_id
AND mi_idx.movie_id = cc.movie_id
AND mk.movie_id = cc.movie_id
AND n.id = ci.person_id
AND it1.id = mi.info_type_id
AND it2.id = mi_idx.info_type_id
AND k.id = mk.keyword_id
AND cct1.id = cc.subject_id
AND cct2.id = cc.status_id
AND cct1.kind IN ('cast', 'cast', 'cast', 'cast', 'cast')
AND cct2.kind = 'complete'
AND ci.note IN ('(written by)', '(written by)', '(written by)', '(written by)', '(written by)')
AND it1.info = 'countries'
AND it2.info = 'votes'
AND k.keyword IN ('murder', 'murder', 'murder', 'murder', 'murder')
AND mi.info IN ('USA', 'USA', 'USA', 'USA', 'USA')
AND n.gender = 'm'
AND t.production_year > 1982;",101,/*+  SeqScan(k) IndexScan(mk keyword_id_movie_keyword_1) SeqScan(cc) SeqScan(cct2) SeqScan(cct1) IndexScan(mi_idx movie_id_movie_info_idx_1) SeqScan(it2) IndexScan(mi movie_id_movie_info_1) IndexScan(t sampled_title_1_pkey) IndexScan(ci movie_id_cast_info_1) IndexScan(n sampled_name_1_pkey) SeqScan(it1) NestLoop(k mk) HashJoin(cc cct2) HashJoin(cc cct2 cct1) HashJoin(k mk cc cct2 cct1) NestLoop(k mk cc cct2 cct1 mi_idx) HashJoin(k mk cc cct2 cct1 mi_idx it2) NestLoop(k mk cc cct2 cct1 mi_idx it2 mi) NestLoop(k mk cc cct2 cct1 mi_idx it2 mi t) NestLoop(k mk cc cct2 cct1 mi_idx it2 mi t ci) NestLoop(k mk cc cct2 cct1 mi_idx it2 mi t ci n) HashJoin(k mk cc cct2 cct1 mi_idx it2 mi t ci n it1) Leading((((((((((k mk) ((cc cct2) cct1)) mi_idx) it2) mi) t) ci) n) it1)) */
"SELECT MIN(mi.info) AS movie_budget, MIN(mi_idx.info) AS movie_votes, MIN(n.name) AS writer, MIN(t.title) AS complete_violent_movie
FROM sampled_complete_cast_1 AS cc,
    sampled_comp_cast_type_1 AS cct1,
    sampled_comp_cast_type_1 AS cct2,
    sampled_cast_info_1 AS ci,
    sampled_info_type_1 AS it1,
    sampled_info_type_1 AS it2,
    sampled_keyword_1 AS k,
    sampled_movie_info_1 AS mi,
    sampled_movie_info_idx_1 AS mi_idx,
    sampled_movie_keyword_1 AS mk,
    sampled_name_1 AS n,
    sampled_title_1 AS t
WHERE t.id = mi.movie_id
AND t.id = mi_idx.movie_id
AND t.id = ci.movie_id
AND t.id = mk.movie_id
AND t.id = cc.movie_id
AND ci.movie_id = mi.movie_id
AND ci.movie_id = mi_idx.movie_id
AND ci.movie_id = mk.movie_id
AND ci.movie_id = cc.movie_id
AND mi.movie_id = mi_idx.movie_id
AND mi.movie_id = mk.movie_id
AND mi.movie_id = cc.movie_id
AND mi_idx.movie_id = mk.movie_id
AND mi_idx.movie_id = cc.movie_id
AND mk.movie_id = cc.movie_id
AND n.id = ci.person_id
AND it1.id = mi.info_type_id
AND it2.id = mi_idx.info_type_id
AND k.id = mk.keyword_id
AND cct1.id = cc.subject_id
AND cct2.id = cc.status_id
AND cct1.kind IN ('cast', 'cast', 'cast', 'cast', 'cast')
AND cct2.kind = 'complete+verified'
AND ci.note IN ('(writer)', '(production assistant)', '(writer)', '(associate producer)', '(production assistant)')
AND it1.info = 'genres'
AND it2.info = 'votes distribution'
AND k.keyword IN ('murder', 'murder', 'murder', 'murder', 'murder')
AND mi.info IN ('Comedy', 'Comedy', 'Comedy', 'Comedy', 'Comedy')
AND n.gender = 'm'
AND t.production_year > 1978;",101,/*+  SeqScan(k) IndexScan(mk keyword_id_movie_keyword_1) SeqScan(cc) SeqScan(cct2) SeqScan(cct1) IndexScan(mi_idx movie_id_movie_info_idx_1) SeqScan(it2) IndexScan(mi movie_id_movie_info_1) IndexScan(t sampled_title_1_pkey) IndexScan(ci movie_id_cast_info_1) IndexScan(n sampled_name_1_pkey) SeqScan(it1) NestLoop(k mk) HashJoin(cc cct2) HashJoin(cc cct2 cct1) HashJoin(k mk cc cct2 cct1) NestLoop(k mk cc cct2 cct1 mi_idx) HashJoin(k mk cc cct2 cct1 mi_idx it2) NestLoop(k mk cc cct2 cct1 mi_idx it2 mi) NestLoop(k mk cc cct2 cct1 mi_idx it2 mi t) NestLoop(k mk cc cct2 cct1 mi_idx it2 mi t ci) NestLoop(k mk cc cct2 cct1 mi_idx it2 mi t ci n) HashJoin(k mk cc cct2 cct1 mi_idx it2 mi t ci n it1) Leading((((((((((k mk) ((cc cct2) cct1)) mi_idx) it2) mi) t) ci) n) it1)) */
"SELECT MIN(mi.info) AS movie_budget, MIN(mi_idx.info) AS movie_votes, MIN(n.name) AS writer, MIN(t.title) AS complete_violent_movie
FROM sampled_complete_cast_1 AS cc,
    sampled_comp_cast_type_1 AS cct1,
    sampled_comp_cast_type_1 AS cct2,
    sampled_cast_info_1 AS ci,
    sampled_info_type_1 AS it1,
    sampled_info_type_1 AS it2,
    sampled_keyword_1 AS k,
    sampled_movie_info_1 AS mi,
    sampled_movie_info_idx_1 AS mi_idx,
    sampled_movie_keyword_1 AS mk,
    sampled_name_1 AS n,
    sampled_title_1 AS t
WHERE t.id = mi.movie_id
AND t.id = mi_idx.movie_id
AND t.id = ci.movie_id
AND t.id = mk.movie_id
AND t.id = cc.movie_id
AND ci.movie_id = mi.movie_id
AND ci.movie_id = mi_idx.movie_id
AND ci.movie_id = mk.movie_id
AND ci.movie_id = cc.movie_id
AND mi.movie_id = mi_idx.movie_id
AND mi.movie_id = mk.movie_id
AND mi.movie_id = cc.movie_id
AND mi_idx.movie_id = mk.movie_id
AND mi_idx.movie_id = cc.movie_id
AND mk.movie_id = cc.movie_id
AND n.id = ci.person_id
AND it1.id = mi.info_type_id
AND it2.id = mi_idx.info_type_id
AND k.id = mk.keyword_id
AND cct1.id = cc.subject_id
AND cct2.id = cc.status_id
AND cct1.kind IN ('crew', 'crew', 'crew', 'crew', 'crew')
AND cct2.kind = 'complete+verified'
AND ci.note IN ('(uncredited)', '(uncredited)', '(uncredited)', '(uncredited)', '(uncredited)')
AND it1.info = 'genres'
AND it2.info = 'votes'
AND k.keyword IN ('sex', 'sex', 'sex', 'sex', 'sex')
AND mi.info IN ('Comedy', 'Comedy', 'Comedy', 'Comedy', 'Comedy')
AND n.gender = 'm'
AND t.production_year > 1987;",101,/*+  SeqScan(k) IndexScan(mk keyword_id_movie_keyword_1) SeqScan(cc) SeqScan(cct2) SeqScan(cct1) IndexScan(mi_idx movie_id_movie_info_idx_1) SeqScan(it2) IndexScan(mi movie_id_movie_info_1) IndexScan(t sampled_title_1_pkey) IndexScan(ci movie_id_cast_info_1) IndexScan(n sampled_name_1_pkey) SeqScan(it1) NestLoop(k mk) HashJoin(cc cct2) HashJoin(cc cct2 cct1) HashJoin(k mk cc cct2 cct1) NestLoop(k mk cc cct2 cct1 mi_idx) HashJoin(k mk cc cct2 cct1 mi_idx it2) NestLoop(k mk cc cct2 cct1 mi_idx it2 mi) NestLoop(k mk cc cct2 cct1 mi_idx it2 mi t) NestLoop(k mk cc cct2 cct1 mi_idx it2 mi t ci) NestLoop(k mk cc cct2 cct1 mi_idx it2 mi t ci n) HashJoin(k mk cc cct2 cct1 mi_idx it2 mi t ci n it1) Leading((((((((((k mk) ((cc cct2) cct1)) mi_idx) it2) mi) t) ci) n) it1)) */
"SELECT MIN(mi.info) AS movie_budget, MIN(mi_idx.info) AS movie_votes, MIN(n.name) AS writer, MIN(t.title) AS complete_violent_movie
FROM sampled_complete_cast_1 AS cc,
    sampled_comp_cast_type_1 AS cct1,
    sampled_comp_cast_type_1 AS cct2,
    sampled_cast_info_1 AS ci,
    sampled_info_type_1 AS it1,
    sampled_info_type_1 AS it2,
    sampled_keyword_1 AS k,
    sampled_movie_info_1 AS mi,
    sampled_movie_info_idx_1 AS mi_idx,
    sampled_movie_keyword_1 AS mk,
    sampled_name_1 AS n,
    sampled_title_1 AS t
WHERE t.id = mi.movie_id
AND t.id = mi_idx.movie_id
AND t.id = ci.movie_id
AND t.id = mk.movie_id
AND t.id = cc.movie_id
AND ci.movie_id = mi.movie_id
AND ci.movie_id = mi_idx.movie_id
AND ci.movie_id = mk.movie_id
AND ci.movie_id = cc.movie_id
AND mi.movie_id = mi_idx.movie_id
AND mi.movie_id = mk.movie_id
AND mi.movie_id = cc.movie_id
AND mi_idx.movie_id = mk.movie_id
AND mi_idx.movie_id = cc.movie_id
AND mk.movie_id = cc.movie_id
AND n.id = ci.person_id
AND it1.id = mi.info_type_id
AND it2.id = mi_idx.info_type_id
AND k.id = mk.keyword_id
AND cct1.id = cc.subject_id
AND cct2.id = cc.status_id
AND cct1.kind IN ('crew', 'crew', 'crew', 'crew', 'crew')
AND cct2.kind = 'complete+verified'
AND ci.note IN ('(writer)', '(production assistant)', '(associate producer)', '(associate producer)', '(writer)')
AND it1.info = 'countries'
AND it2.info = 'top 250 rank'
AND k.keyword IN ('one-word-title', 'tv-mini-series', 'softcore', 'blood', 'father-son-relationship')
AND mi.info IN ('USA', 'USA', 'USA', 'USA', 'USA')
AND n.gender = 'm'
AND t.production_year > 1969;",101,/*+  SeqScan(k) IndexScan(mk keyword_id_movie_keyword_1) SeqScan(cc) SeqScan(cct2) SeqScan(cct1) IndexScan(mi_idx movie_id_movie_info_idx_1) SeqScan(it2) IndexScan(mi movie_id_movie_info_1) IndexScan(t sampled_title_1_pkey) IndexScan(ci movie_id_cast_info_1) IndexScan(n sampled_name_1_pkey) SeqScan(it1) NestLoop(k mk) HashJoin(cc cct2) HashJoin(cc cct2 cct1) HashJoin(k mk cc cct2 cct1) NestLoop(k mk cc cct2 cct1 mi_idx) HashJoin(k mk cc cct2 cct1 mi_idx it2) NestLoop(k mk cc cct2 cct1 mi_idx it2 mi) NestLoop(k mk cc cct2 cct1 mi_idx it2 mi t) NestLoop(k mk cc cct2 cct1 mi_idx it2 mi t ci) NestLoop(k mk cc cct2 cct1 mi_idx it2 mi t ci n) HashJoin(k mk cc cct2 cct1 mi_idx it2 mi t ci n it1) Leading((((((((((k mk) ((cc cct2) cct1)) mi_idx) it2) mi) t) ci) n) it1)) */
"SELECT MIN(mi.info) AS movie_budget, MIN(mi_idx.info) AS movie_votes, MIN(n.name) AS writer, MIN(t.title) AS complete_violent_movie
FROM sampled_complete_cast_1 AS cc,
    sampled_comp_cast_type_1 AS cct1,
    sampled_comp_cast_type_1 AS cct2,
    sampled_cast_info_1 AS ci,
    sampled_info_type_1 AS it1,
    sampled_info_type_1 AS it2,
    sampled_keyword_1 AS k,
    sampled_movie_info_1 AS mi,
    sampled_movie_info_idx_1 AS mi_idx,
    sampled_movie_keyword_1 AS mk,
    sampled_name_1 AS n,
    sampled_title_1 AS t
WHERE t.id = mi.movie_id
AND t.id = mi_idx.movie_id
AND t.id = ci.movie_id
AND t.id = mk.movie_id
AND t.id = cc.movie_id
AND ci.movie_id = mi.movie_id
AND ci.movie_id = mi_idx.movie_id
AND ci.movie_id = mk.movie_id
AND ci.movie_id = cc.movie_id
AND mi.movie_id = mi_idx.movie_id
AND mi.movie_id = mk.movie_id
AND mi.movie_id = cc.movie_id
AND mi_idx.movie_id = mk.movie_id
AND mi_idx.movie_id = cc.movie_id
AND mk.movie_id = cc.movie_id
AND n.id = ci.person_id
AND it1.id = mi.info_type_id
AND it2.id = mi_idx.info_type_id
AND k.id = mk.keyword_id
AND cct1.id = cc.subject_id
AND cct2.id = cc.status_id
AND cct1.kind IN ('cast', 'cast', 'cast', 'cast', 'cast')
AND cct2.kind = 'complete'
AND ci.note IN ('(producer)', '(producer)', '(producer)', '(producer)', '(producer)')
AND it1.info = 'countries'
AND it2.info = 'rating'
AND k.keyword IN ('cult-film', 'father-son-relationship', 'one-word-title', 'martial-arts', 'lesbian-sex')
AND mi.info IN ('USA', 'English', 'English', '-', 'USA')
AND n.gender = 'm'
AND t.production_year > 1978;",101,/*+  SeqScan(k) IndexScan(mk keyword_id_movie_keyword_1) SeqScan(cc) SeqScan(cct2) SeqScan(cct1) IndexScan(mi_idx movie_id_movie_info_idx_1) SeqScan(it2) IndexScan(mi movie_id_movie_info_1) IndexScan(t sampled_title_1_pkey) IndexScan(ci movie_id_cast_info_1) IndexScan(n sampled_name_1_pkey) SeqScan(it1) NestLoop(k mk) HashJoin(cc cct2) HashJoin(cc cct2 cct1) HashJoin(k mk cc cct2 cct1) NestLoop(k mk cc cct2 cct1 mi_idx) HashJoin(k mk cc cct2 cct1 mi_idx it2) NestLoop(k mk cc cct2 cct1 mi_idx it2 mi) NestLoop(k mk cc cct2 cct1 mi_idx it2 mi t) NestLoop(k mk cc cct2 cct1 mi_idx it2 mi t ci) NestLoop(k mk cc cct2 cct1 mi_idx it2 mi t ci n) HashJoin(k mk cc cct2 cct1 mi_idx it2 mi t ci n it1) Leading((((((((((k mk) ((cc cct2) cct1)) mi_idx) it2) mi) t) ci) n) it1)) */
"SELECT MIN(mi.info) AS movie_budget, MIN(mi_idx.info) AS movie_votes, MIN(n.name) AS writer, MIN(t.title) AS complete_violent_movie
FROM sampled_complete_cast_1 AS cc,
    sampled_comp_cast_type_1 AS cct1,
    sampled_comp_cast_type_1 AS cct2,
    sampled_cast_info_1 AS ci,
    sampled_info_type_1 AS it1,
    sampled_info_type_1 AS it2,
    sampled_keyword_1 AS k,
    sampled_movie_info_1 AS mi,
    sampled_movie_info_idx_1 AS mi_idx,
    sampled_movie_keyword_1 AS mk,
    sampled_name_1 AS n,
    sampled_title_1 AS t
WHERE t.id = mi.movie_id
AND t.id = mi_idx.movie_id
AND t.id = ci.movie_id
AND t.id = mk.movie_id
AND t.id = cc.movie_id
AND ci.movie_id = mi.movie_id
AND ci.movie_id = mi_idx.movie_id
AND ci.movie_id = mk.movie_id
AND ci.movie_id = cc.movie_id
AND mi.movie_id = mi_idx.movie_id
AND mi.movie_id = mk.movie_id
AND mi.movie_id = cc.movie_id
AND mi_idx.movie_id = mk.movie_id
AND mi_idx.movie_id = cc.movie_id
AND mk.movie_id = cc.movie_id
AND n.id = ci.person_id
AND it1.id = mi.info_type_id
AND it2.id = mi_idx.info_type_id
AND k.id = mk.keyword_id
AND cct1.id = cc.subject_id
AND cct2.id = cc.status_id
AND cct1.kind IN ('crew', 'crew', 'crew', 'crew', 'crew')
AND cct2.kind = 'complete'
AND ci.note IN ('(executive producer)', '(executive producer)', '(executive producer)', '(executive producer)', '(uncredited)')
AND it1.info = 'countries'
AND it2.info = 'votes'
AND k.keyword IN ('character-name-in-title', 'independent-film', 'independent-film', 'character-name-in-title', 'independent-film')
AND mi.info IN ('USA', 'USA', 'USA', 'USA', 'USA')
AND n.gender = 'm'
AND t.production_year > 1976;",101,/*+  SeqScan(k) IndexScan(mk keyword_id_movie_keyword_1) SeqScan(cc) SeqScan(cct2) SeqScan(cct1) IndexScan(mi_idx movie_id_movie_info_idx_1) SeqScan(it2) IndexScan(mi movie_id_movie_info_1) IndexScan(t sampled_title_1_pkey) IndexScan(ci movie_id_cast_info_1) IndexScan(n sampled_name_1_pkey) SeqScan(it1) NestLoop(k mk) HashJoin(cc cct2) HashJoin(cc cct2 cct1) HashJoin(k mk cc cct2 cct1) NestLoop(k mk cc cct2 cct1 mi_idx) HashJoin(k mk cc cct2 cct1 mi_idx it2) NestLoop(k mk cc cct2 cct1 mi_idx it2 mi) NestLoop(k mk cc cct2 cct1 mi_idx it2 mi t) NestLoop(k mk cc cct2 cct1 mi_idx it2 mi t ci) NestLoop(k mk cc cct2 cct1 mi_idx it2 mi t ci n) HashJoin(k mk cc cct2 cct1 mi_idx it2 mi t ci n it1) Leading((((((((((k mk) ((cc cct2) cct1)) mi_idx) it2) mi) t) ci) n) it1)) */
"SELECT MIN(mi.info) AS movie_budget, MIN(mi_idx.info) AS movie_votes, MIN(n.name) AS writer, MIN(t.title) AS complete_violent_movie
FROM sampled_complete_cast_1 AS cc,
    sampled_comp_cast_type_1 AS cct1,
    sampled_comp_cast_type_1 AS cct2,
    sampled_cast_info_1 AS ci,
    sampled_info_type_1 AS it1,
    sampled_info_type_1 AS it2,
    sampled_keyword_1 AS k,
    sampled_movie_info_1 AS mi,
    sampled_movie_info_idx_1 AS mi_idx,
    sampled_movie_keyword_1 AS mk,
    sampled_name_1 AS n,
    sampled_title_1 AS t
WHERE t.id = mi.movie_id
AND t.id = mi_idx.movie_id
AND t.id = ci.movie_id
AND t.id = mk.movie_id
AND t.id = cc.movie_id
AND ci.movie_id = mi.movie_id
AND ci.movie_id = mi_idx.movie_id
AND ci.movie_id = mk.movie_id
AND ci.movie_id = cc.movie_id
AND mi.movie_id = mi_idx.movie_id
AND mi.movie_id = mk.movie_id
AND mi.movie_id = cc.movie_id
AND mi_idx.movie_id = mk.movie_id
AND mi_idx.movie_id = cc.movie_id
AND mk.movie_id = cc.movie_id
AND n.id = ci.person_id
AND it1.id = mi.info_type_id
AND it2.id = mi_idx.info_type_id
AND k.id = mk.keyword_id
AND cct1.id = cc.subject_id
AND cct2.id = cc.status_id
AND cct1.kind IN ('crew', 'crew', 'crew', 'crew', 'crew')
AND cct2.kind = 'complete+verified'
AND ci.note IN ('(voice)', '(voice)', '(written by)', '(associate producer)', '(associate producer)')
AND it1.info = 'countries'
AND it2.info = 'votes'
AND k.keyword IN ('eating-an-apple', 'holy-book', 'hypnotist', 'tutelage', 'talking-backwards')
AND mi.info IN ('Film', 'USA', 'USA', 'RAT:1.33 : 1', 'USA')
AND n.gender = 'm'
AND t.production_year > 1980;",101,/*+  SeqScan(k) IndexScan(mk keyword_id_movie_keyword_1) SeqScan(cc) SeqScan(cct2) SeqScan(cct1) IndexScan(mi_idx movie_id_movie_info_idx_1) SeqScan(it2) IndexScan(mi movie_id_movie_info_1) IndexScan(t sampled_title_1_pkey) IndexScan(ci movie_id_cast_info_1) IndexScan(n sampled_name_1_pkey) SeqScan(it1) NestLoop(k mk) HashJoin(cc cct2) HashJoin(cc cct2 cct1) HashJoin(k mk cc cct2 cct1) NestLoop(k mk cc cct2 cct1 mi_idx) HashJoin(k mk cc cct2 cct1 mi_idx it2) NestLoop(k mk cc cct2 cct1 mi_idx it2 mi) NestLoop(k mk cc cct2 cct1 mi_idx it2 mi t) NestLoop(k mk cc cct2 cct1 mi_idx it2 mi t ci) NestLoop(k mk cc cct2 cct1 mi_idx it2 mi t ci n) HashJoin(k mk cc cct2 cct1 mi_idx it2 mi t ci n it1) Leading((((((((((k mk) ((cc cct2) cct1)) mi_idx) it2) mi) t) ci) n) it1)) */
"SELECT MIN(mi.info) AS movie_budget, MIN(mi_idx.info) AS movie_votes, MIN(n.name) AS writer, MIN(t.title) AS complete_violent_movie
FROM sampled_complete_cast_1 AS cc,
    sampled_comp_cast_type_1 AS cct1,
    sampled_comp_cast_type_1 AS cct2,
    sampled_cast_info_1 AS ci,
    sampled_info_type_1 AS it1,
    sampled_info_type_1 AS it2,
    sampled_keyword_1 AS k,
    sampled_movie_info_1 AS mi,
    sampled_movie_info_idx_1 AS mi_idx,
    sampled_movie_keyword_1 AS mk,
    sampled_name_1 AS n,
    sampled_title_1 AS t
WHERE t.id = mi.movie_id
AND t.id = mi_idx.movie_id
AND t.id = ci.movie_id
AND t.id = mk.movie_id
AND t.id = cc.movie_id
AND ci.movie_id = mi.movie_id
AND ci.movie_id = mi_idx.movie_id
AND ci.movie_id = mk.movie_id
AND ci.movie_id = cc.movie_id
AND mi.movie_id = mi_idx.movie_id
AND mi.movie_id = mk.movie_id
AND mi.movie_id = cc.movie_id
AND mi_idx.movie_id = mk.movie_id
AND mi_idx.movie_id = cc.movie_id
AND mk.movie_id = cc.movie_id
AND n.id = ci.person_id
AND it1.id = mi.info_type_id
AND it2.id = mi_idx.info_type_id
AND k.id = mk.keyword_id
AND cct1.id = cc.subject_id
AND cct2.id = cc.status_id
AND cct1.kind IN ('cast', 'cast', 'cast', 'cast', 'cast')
AND cct2.kind = 'complete'
AND ci.note IN ('(producer)', '(writer)', '(writer)', '(producer)', '(writer)')
AND it1.info = 'genres'
AND it2.info = 'rating'
AND k.keyword IN ('revenge', 'father-son-relationship', 'softcore', 'death', 'cult-film')
AND mi.info IN ('Drama', 'Drama', 'Drama', 'Drama', 'Drama')
AND n.gender = 'm'
AND t.production_year > 1963;",101,/*+  SeqScan(k) IndexScan(mk keyword_id_movie_keyword_1) SeqScan(cc) SeqScan(cct2) SeqScan(cct1) IndexScan(mi_idx movie_id_movie_info_idx_1) SeqScan(it2) IndexScan(mi movie_id_movie_info_1) IndexScan(t sampled_title_1_pkey) IndexScan(ci movie_id_cast_info_1) IndexScan(n sampled_name_1_pkey) SeqScan(it1) NestLoop(k mk) HashJoin(cc cct2) HashJoin(cc cct2 cct1) HashJoin(k mk cc cct2 cct1) NestLoop(k mk cc cct2 cct1 mi_idx) HashJoin(k mk cc cct2 cct1 mi_idx it2) NestLoop(k mk cc cct2 cct1 mi_idx it2 mi) NestLoop(k mk cc cct2 cct1 mi_idx it2 mi t) NestLoop(k mk cc cct2 cct1 mi_idx it2 mi t ci) NestLoop(k mk cc cct2 cct1 mi_idx it2 mi t ci n) HashJoin(k mk cc cct2 cct1 mi_idx it2 mi t ci n it1) Leading((((((((((k mk) ((cc cct2) cct1)) mi_idx) it2) mi) t) ci) n) it1)) */
"SELECT MIN(mi.info) AS movie_budget, MIN(mi_idx.info) AS movie_votes, MIN(n.name) AS writer, MIN(t.title) AS complete_violent_movie
FROM sampled_complete_cast_1 AS cc,
    sampled_comp_cast_type_1 AS cct1,
    sampled_comp_cast_type_1 AS cct2,
    sampled_cast_info_1 AS ci,
    sampled_info_type_1 AS it1,
    sampled_info_type_1 AS it2,
    sampled_keyword_1 AS k,
    sampled_movie_info_1 AS mi,
    sampled_movie_info_idx_1 AS mi_idx,
    sampled_movie_keyword_1 AS mk,
    sampled_name_1 AS n,
    sampled_title_1 AS t
WHERE t.id = mi.movie_id
AND t.id = mi_idx.movie_id
AND t.id = ci.movie_id
AND t.id = mk.movie_id
AND t.id = cc.movie_id
AND ci.movie_id = mi.movie_id
AND ci.movie_id = mi_idx.movie_id
AND ci.movie_id = mk.movie_id
AND ci.movie_id = cc.movie_id
AND mi.movie_id = mi_idx.movie_id
AND mi.movie_id = mk.movie_id
AND mi.movie_id = cc.movie_id
AND mi_idx.movie_id = mk.movie_id
AND mi_idx.movie_id = cc.movie_id
AND mk.movie_id = cc.movie_id
AND n.id = ci.person_id
AND it1.id = mi.info_type_id
AND it2.id = mi_idx.info_type_id
AND k.id = mk.keyword_id
AND cct1.id = cc.subject_id
AND cct2.id = cc.status_id
AND cct1.kind IN ('cast', 'cast', 'cast', 'cast', 'cast')
AND cct2.kind = 'complete+verified'
AND ci.note IN ('(executive producer)', '(uncredited)', '(executive producer)', '(executive producer)', '(executive producer)')
AND it1.info = 'countries'
AND it2.info = 'votes'
AND k.keyword IN ('sex', 'sex', 'sex', 'sex', 'sex')
AND mi.info IN ('USA', 'USA', 'PFM:35 mm', 'PFM:35 mm', 'PFM:35 mm')
AND n.gender = 'm'
AND t.production_year > 1990;",101,/*+  SeqScan(k) IndexScan(mk keyword_id_movie_keyword_1) SeqScan(cc) SeqScan(cct2) SeqScan(cct1) IndexScan(mi_idx movie_id_movie_info_idx_1) SeqScan(it2) IndexScan(mi movie_id_movie_info_1) IndexScan(t sampled_title_1_pkey) IndexScan(ci movie_id_cast_info_1) IndexScan(n sampled_name_1_pkey) SeqScan(it1) NestLoop(k mk) HashJoin(cc cct2) HashJoin(cc cct2 cct1) HashJoin(k mk cc cct2 cct1) NestLoop(k mk cc cct2 cct1 mi_idx) HashJoin(k mk cc cct2 cct1 mi_idx it2) NestLoop(k mk cc cct2 cct1 mi_idx it2 mi) NestLoop(k mk cc cct2 cct1 mi_idx it2 mi t) NestLoop(k mk cc cct2 cct1 mi_idx it2 mi t ci) NestLoop(k mk cc cct2 cct1 mi_idx it2 mi t ci n) HashJoin(k mk cc cct2 cct1 mi_idx it2 mi t ci n it1) Leading((((((((((k mk) ((cc cct2) cct1)) mi_idx) it2) mi) t) ci) n) it1)) */
"SELECT MIN(mi.info) AS movie_budget, MIN(mi_idx.info) AS movie_votes, MIN(n.name) AS writer, MIN(t.title) AS complete_violent_movie
FROM sampled_complete_cast_1 AS cc,
    sampled_comp_cast_type_1 AS cct1,
    sampled_comp_cast_type_1 AS cct2,
    sampled_cast_info_1 AS ci,
    sampled_info_type_1 AS it1,
    sampled_info_type_1 AS it2,
    sampled_keyword_1 AS k,
    sampled_movie_info_1 AS mi,
    sampled_movie_info_idx_1 AS mi_idx,
    sampled_movie_keyword_1 AS mk,
    sampled_name_1 AS n,
    sampled_title_1 AS t
WHERE t.id = mi.movie_id
AND t.id = mi_idx.movie_id
AND t.id = ci.movie_id
AND t.id = mk.movie_id
AND t.id = cc.movie_id
AND ci.movie_id = mi.movie_id
AND ci.movie_id = mi_idx.movie_id
AND ci.movie_id = mk.movie_id
AND ci.movie_id = cc.movie_id
AND mi.movie_id = mi_idx.movie_id
AND mi.movie_id = mk.movie_id
AND mi.movie_id = cc.movie_id
AND mi_idx.movie_id = mk.movie_id
AND mi_idx.movie_id = cc.movie_id
AND mk.movie_id = cc.movie_id
AND n.id = ci.person_id
AND it1.id = mi.info_type_id
AND it2.id = mi_idx.info_type_id
AND k.id = mk.keyword_id
AND cct1.id = cc.subject_id
AND cct2.id = cc.status_id
AND cct1.kind IN ('cast', 'cast', 'cast', 'cast', 'cast')
AND cct2.kind = 'complete+verified'
AND ci.note IN ('(uncredited)', '(uncredited)', '(uncredited)', '(uncredited)', '(uncredited)')
AND it1.info = 'genres'
AND it2.info = 'votes'
AND k.keyword IN ('hardcore', 'hardcore', 'hardcore', 'hardcore', 'hardcore')
AND mi.info IN ('Comedy', 'OFM:35 mm', 'Dolby Surround', 'RAT:1.33 : 1', 'Australia:G')
AND n.gender = 'm'
AND t.production_year > 1970;",101,/*+  SeqScan(k) IndexScan(mk keyword_id_movie_keyword_1) SeqScan(cc) SeqScan(cct2) SeqScan(cct1) IndexScan(mi_idx movie_id_movie_info_idx_1) SeqScan(it2) IndexScan(mi movie_id_movie_info_1) IndexScan(t sampled_title_1_pkey) IndexScan(ci movie_id_cast_info_1) IndexScan(n sampled_name_1_pkey) SeqScan(it1) NestLoop(k mk) HashJoin(cc cct2) HashJoin(cc cct2 cct1) HashJoin(k mk cc cct2 cct1) NestLoop(k mk cc cct2 cct1 mi_idx) HashJoin(k mk cc cct2 cct1 mi_idx it2) NestLoop(k mk cc cct2 cct1 mi_idx it2 mi) NestLoop(k mk cc cct2 cct1 mi_idx it2 mi t) NestLoop(k mk cc cct2 cct1 mi_idx it2 mi t ci) NestLoop(k mk cc cct2 cct1 mi_idx it2 mi t ci n) HashJoin(k mk cc cct2 cct1 mi_idx it2 mi t ci n it1) Leading((((((((((k mk) ((cc cct2) cct1)) mi_idx) it2) mi) t) ci) n) it1)) */
"SELECT MIN(mi.info) AS movie_budget, MIN(mi_idx.info) AS movie_votes, MIN(n.name) AS writer, MIN(t.title) AS complete_violent_movie
FROM sampled_complete_cast_1 AS cc,
    sampled_comp_cast_type_1 AS cct1,
    sampled_comp_cast_type_1 AS cct2,
    sampled_cast_info_1 AS ci,
    sampled_info_type_1 AS it1,
    sampled_info_type_1 AS it2,
    sampled_keyword_1 AS k,
    sampled_movie_info_1 AS mi,
    sampled_movie_info_idx_1 AS mi_idx,
    sampled_movie_keyword_1 AS mk,
    sampled_name_1 AS n,
    sampled_title_1 AS t
WHERE t.id = mi.movie_id
AND t.id = mi_idx.movie_id
AND t.id = ci.movie_id
AND t.id = mk.movie_id
AND t.id = cc.movie_id
AND ci.movie_id = mi.movie_id
AND ci.movie_id = mi_idx.movie_id
AND ci.movie_id = mk.movie_id
AND ci.movie_id = cc.movie_id
AND mi.movie_id = mi_idx.movie_id
AND mi.movie_id = mk.movie_id
AND mi.movie_id = cc.movie_id
AND mi_idx.movie_id = mk.movie_id
AND mi_idx.movie_id = cc.movie_id
AND mk.movie_id = cc.movie_id
AND n.id = ci.person_id
AND it1.id = mi.info_type_id
AND it2.id = mi_idx.info_type_id
AND k.id = mk.keyword_id
AND cct1.id = cc.subject_id
AND cct2.id = cc.status_id
AND cct1.kind IN ('crew', 'crew', 'crew', 'crew', 'crew')
AND cct2.kind = 'complete+verified'
AND ci.note IN ('(producer)', '(uncredited)', '(producer)', '(uncredited)', '(uncredited)')
AND it1.info = 'genres'
AND it2.info = 'votes distribution'
AND k.keyword IN ('sex', 'sex', 'sex', 'sex', 'sex')
AND mi.info IN ('RAT:1.33 : 1', 'RAT:1.33 : 1', 'RAT:1.33 : 1', 'Drama', 'Drama')
AND n.gender = 'm'
AND t.production_year > 1973;",101,/*+  SeqScan(k) IndexScan(mk keyword_id_movie_keyword_1) SeqScan(cc) SeqScan(cct2) SeqScan(cct1) IndexScan(mi_idx movie_id_movie_info_idx_1) SeqScan(it2) IndexScan(mi movie_id_movie_info_1) IndexScan(t sampled_title_1_pkey) IndexScan(ci movie_id_cast_info_1) IndexScan(n sampled_name_1_pkey) SeqScan(it1) NestLoop(k mk) HashJoin(cc cct2) HashJoin(cc cct2 cct1) HashJoin(k mk cc cct2 cct1) NestLoop(k mk cc cct2 cct1 mi_idx) HashJoin(k mk cc cct2 cct1 mi_idx it2) NestLoop(k mk cc cct2 cct1 mi_idx it2 mi) NestLoop(k mk cc cct2 cct1 mi_idx it2 mi t) NestLoop(k mk cc cct2 cct1 mi_idx it2 mi t ci) NestLoop(k mk cc cct2 cct1 mi_idx it2 mi t ci n) HashJoin(k mk cc cct2 cct1 mi_idx it2 mi t ci n it1) Leading((((((((((k mk) ((cc cct2) cct1)) mi_idx) it2) mi) t) ci) n) it1)) */
"SELECT MIN(mi.info) AS movie_budget, MIN(mi_idx.info) AS movie_votes, MIN(n.name) AS writer, MIN(t.title) AS complete_violent_movie
FROM sampled_complete_cast_1 AS cc,
    sampled_comp_cast_type_1 AS cct1,
    sampled_comp_cast_type_1 AS cct2,
    sampled_cast_info_1 AS ci,
    sampled_info_type_1 AS it1,
    sampled_info_type_1 AS it2,
    sampled_keyword_1 AS k,
    sampled_movie_info_1 AS mi,
    sampled_movie_info_idx_1 AS mi_idx,
    sampled_movie_keyword_1 AS mk,
    sampled_name_1 AS n,
    sampled_title_1 AS t
WHERE t.id = mi.movie_id
AND t.id = mi_idx.movie_id
AND t.id = ci.movie_id
AND t.id = mk.movie_id
AND t.id = cc.movie_id
AND ci.movie_id = mi.movie_id
AND ci.movie_id = mi_idx.movie_id
AND ci.movie_id = mk.movie_id
AND ci.movie_id = cc.movie_id
AND mi.movie_id = mi_idx.movie_id
AND mi.movie_id = mk.movie_id
AND mi.movie_id = cc.movie_id
AND mi_idx.movie_id = mk.movie_id
AND mi_idx.movie_id = cc.movie_id
AND mk.movie_id = cc.movie_id
AND n.id = ci.person_id
AND it1.id = mi.info_type_id
AND it2.id = mi_idx.info_type_id
AND k.id = mk.keyword_id
AND cct1.id = cc.subject_id
AND cct2.id = cc.status_id
AND cct1.kind IN ('cast', 'cast', 'cast', 'cast', 'cast')
AND cct2.kind = 'complete'
AND ci.note IN ('(writer)', '(writer)', '(writer)', '(writer)', '(writer)')
AND it1.info = 'countries'
AND it2.info = 'votes distribution'
AND k.keyword IN ('murder', 'murder', 'murder', 'murder', 'murder')
AND mi.info IN ('Mono', 'RAT:1.33 : 1', 'UK', 'English', 'USA')
AND n.gender = 'm'
AND t.production_year > 1968;",101,/*+  SeqScan(k) IndexScan(mk keyword_id_movie_keyword_1) SeqScan(cc) SeqScan(cct2) SeqScan(cct1) IndexScan(mi_idx movie_id_movie_info_idx_1) SeqScan(it2) IndexScan(mi movie_id_movie_info_1) IndexScan(t sampled_title_1_pkey) IndexScan(ci movie_id_cast_info_1) IndexScan(n sampled_name_1_pkey) SeqScan(it1) NestLoop(k mk) HashJoin(cc cct2) HashJoin(cc cct2 cct1) HashJoin(k mk cc cct2 cct1) NestLoop(k mk cc cct2 cct1 mi_idx) HashJoin(k mk cc cct2 cct1 mi_idx it2) NestLoop(k mk cc cct2 cct1 mi_idx it2 mi) NestLoop(k mk cc cct2 cct1 mi_idx it2 mi t) NestLoop(k mk cc cct2 cct1 mi_idx it2 mi t ci) NestLoop(k mk cc cct2 cct1 mi_idx it2 mi t ci n) HashJoin(k mk cc cct2 cct1 mi_idx it2 mi t ci n it1) Leading((((((((((k mk) ((cc cct2) cct1)) mi_idx) it2) mi) t) ci) n) it1)) */
"SELECT MIN(mi.info) AS movie_budget, MIN(mi_idx.info) AS movie_votes, MIN(n.name) AS writer, MIN(t.title) AS complete_violent_movie
FROM sampled_complete_cast_1 AS cc,
    sampled_comp_cast_type_1 AS cct1,
    sampled_comp_cast_type_1 AS cct2,
    sampled_cast_info_1 AS ci,
    sampled_info_type_1 AS it1,
    sampled_info_type_1 AS it2,
    sampled_keyword_1 AS k,
    sampled_movie_info_1 AS mi,
    sampled_movie_info_idx_1 AS mi_idx,
    sampled_movie_keyword_1 AS mk,
    sampled_name_1 AS n,
    sampled_title_1 AS t
WHERE t.id = mi.movie_id
AND t.id = mi_idx.movie_id
AND t.id = ci.movie_id
AND t.id = mk.movie_id
AND t.id = cc.movie_id
AND ci.movie_id = mi.movie_id
AND ci.movie_id = mi_idx.movie_id
AND ci.movie_id = mk.movie_id
AND ci.movie_id = cc.movie_id
AND mi.movie_id = mi_idx.movie_id
AND mi.movie_id = mk.movie_id
AND mi.movie_id = cc.movie_id
AND mi_idx.movie_id = mk.movie_id
AND mi_idx.movie_id = cc.movie_id
AND mk.movie_id = cc.movie_id
AND n.id = ci.person_id
AND it1.id = mi.info_type_id
AND it2.id = mi_idx.info_type_id
AND k.id = mk.keyword_id
AND cct1.id = cc.subject_id
AND cct2.id = cc.status_id
AND cct1.kind IN ('crew', 'crew', 'crew', 'crew', 'crew')
AND cct2.kind = 'complete'
AND ci.note IN ('(voice)', '(producer)', '(voice)', '(voice)', '(voice)')
AND it1.info = 'countries'
AND it2.info = 'rating'
AND k.keyword IN ('character-name-in-title', 'independent-film', 'independent-film', 'character-name-in-title', 'independent-film')
AND mi.info IN ('Comedy', 'English', 'OFM:35 mm', 'OFM:35 mm', 'UK')
AND n.gender = 'm'
AND t.production_year > 1987;",101,/*+  SeqScan(k) IndexScan(mk keyword_id_movie_keyword_1) SeqScan(cc) SeqScan(cct2) SeqScan(cct1) IndexScan(mi_idx movie_id_movie_info_idx_1) SeqScan(it2) IndexScan(mi movie_id_movie_info_1) IndexScan(t sampled_title_1_pkey) IndexScan(ci movie_id_cast_info_1) IndexScan(n sampled_name_1_pkey) SeqScan(it1) NestLoop(k mk) HashJoin(cc cct2) HashJoin(cc cct2 cct1) HashJoin(k mk cc cct2 cct1) NestLoop(k mk cc cct2 cct1 mi_idx) HashJoin(k mk cc cct2 cct1 mi_idx it2) NestLoop(k mk cc cct2 cct1 mi_idx it2 mi) NestLoop(k mk cc cct2 cct1 mi_idx it2 mi t) NestLoop(k mk cc cct2 cct1 mi_idx it2 mi t ci) NestLoop(k mk cc cct2 cct1 mi_idx it2 mi t ci n) HashJoin(k mk cc cct2 cct1 mi_idx it2 mi t ci n it1) Leading((((((((((k mk) ((cc cct2) cct1)) mi_idx) it2) mi) t) ci) n) it1)) */
"SELECT MIN(mi.info) AS movie_budget, MIN(mi_idx.info) AS movie_votes, MIN(n.name) AS writer, MIN(t.title) AS complete_violent_movie
FROM sampled_complete_cast_1 AS cc,
    sampled_comp_cast_type_1 AS cct1,
    sampled_comp_cast_type_1 AS cct2,
    sampled_cast_info_1 AS ci,
    sampled_info_type_1 AS it1,
    sampled_info_type_1 AS it2,
    sampled_keyword_1 AS k,
    sampled_movie_info_1 AS mi,
    sampled_movie_info_idx_1 AS mi_idx,
    sampled_movie_keyword_1 AS mk,
    sampled_name_1 AS n,
    sampled_title_1 AS t
WHERE t.id = mi.movie_id
AND t.id = mi_idx.movie_id
AND t.id = ci.movie_id
AND t.id = mk.movie_id
AND t.id = cc.movie_id
AND ci.movie_id = mi.movie_id
AND ci.movie_id = mi_idx.movie_id
AND ci.movie_id = mk.movie_id
AND ci.movie_id = cc.movie_id
AND mi.movie_id = mi_idx.movie_id
AND mi.movie_id = mk.movie_id
AND mi.movie_id = cc.movie_id
AND mi_idx.movie_id = mk.movie_id
AND mi_idx.movie_id = cc.movie_id
AND mk.movie_id = cc.movie_id
AND n.id = ci.person_id
AND it1.id = mi.info_type_id
AND it2.id = mi_idx.info_type_id
AND k.id = mk.keyword_id
AND cct1.id = cc.subject_id
AND cct2.id = cc.status_id
AND cct1.kind IN ('cast', 'cast', 'cast', 'cast', 'cast')
AND cct2.kind = 'complete'
AND ci.note IN ('(uncredited)', '(uncredited)', '(uncredited)', '(uncredited)', '(uncredited)')
AND it1.info = 'countries'
AND it2.info = 'rating'
AND k.keyword IN ('character-name-in-title', 'independent-film', 'character-name-in-title', 'independent-film', 'independent-film')
AND mi.info IN ('USA', 'PFM:35 mm', 'USA', 'PFM:35 mm', 'PFM:35 mm')
AND n.gender = 'm'
AND t.production_year > 1983;",101,/*+  SeqScan(k) IndexScan(mk keyword_id_movie_keyword_1) SeqScan(cc) SeqScan(cct2) SeqScan(cct1) IndexScan(mi_idx movie_id_movie_info_idx_1) SeqScan(it2) IndexScan(mi movie_id_movie_info_1) IndexScan(t sampled_title_1_pkey) IndexScan(ci movie_id_cast_info_1) IndexScan(n sampled_name_1_pkey) SeqScan(it1) NestLoop(k mk) HashJoin(cc cct2) HashJoin(cc cct2 cct1) HashJoin(k mk cc cct2 cct1) NestLoop(k mk cc cct2 cct1 mi_idx) HashJoin(k mk cc cct2 cct1 mi_idx it2) NestLoop(k mk cc cct2 cct1 mi_idx it2 mi) NestLoop(k mk cc cct2 cct1 mi_idx it2 mi t) NestLoop(k mk cc cct2 cct1 mi_idx it2 mi t ci) NestLoop(k mk cc cct2 cct1 mi_idx it2 mi t ci n) HashJoin(k mk cc cct2 cct1 mi_idx it2 mi t ci n it1) Leading((((((((((k mk) ((cc cct2) cct1)) mi_idx) it2) mi) t) ci) n) it1)) */
"SELECT MIN(mi.info) AS movie_budget, MIN(mi_idx.info) AS movie_votes, MIN(n.name) AS writer, MIN(t.title) AS complete_violent_movie
FROM sampled_complete_cast_1 AS cc,
    sampled_comp_cast_type_1 AS cct1,
    sampled_comp_cast_type_1 AS cct2,
    sampled_cast_info_1 AS ci,
    sampled_info_type_1 AS it1,
    sampled_info_type_1 AS it2,
    sampled_keyword_1 AS k,
    sampled_movie_info_1 AS mi,
    sampled_movie_info_idx_1 AS mi_idx,
    sampled_movie_keyword_1 AS mk,
    sampled_name_1 AS n,
    sampled_title_1 AS t
WHERE t.id = mi.movie_id
AND t.id = mi_idx.movie_id
AND t.id = ci.movie_id
AND t.id = mk.movie_id
AND t.id = cc.movie_id
AND ci.movie_id = mi.movie_id
AND ci.movie_id = mi_idx.movie_id
AND ci.movie_id = mk.movie_id
AND ci.movie_id = cc.movie_id
AND mi.movie_id = mi_idx.movie_id
AND mi.movie_id = mk.movie_id
AND mi.movie_id = cc.movie_id
AND mi_idx.movie_id = mk.movie_id
AND mi_idx.movie_id = cc.movie_id
AND mk.movie_id = cc.movie_id
AND n.id = ci.person_id
AND it1.id = mi.info_type_id
AND it2.id = mi_idx.info_type_id
AND k.id = mk.keyword_id
AND cct1.id = cc.subject_id
AND cct2.id = cc.status_id
AND cct1.kind IN ('crew', 'crew', 'crew', 'crew', 'crew')
AND cct2.kind = 'complete+verified'
AND ci.note IN ('(uncredited)', '(uncredited)', '(uncredited)', '(uncredited)', '(uncredited)')
AND it1.info = 'countries'
AND it2.info = 'votes'
AND k.keyword IN ('based-on-novel', 'based-on-novel', 'based-on-novel', 'based-on-novel', 'based-on-novel')
AND mi.info IN ('USA', 'USA', 'USA', 'USA', 'USA')
AND n.gender = 'm'
AND t.production_year > 1980;",101,/*+  SeqScan(k) IndexScan(mk keyword_id_movie_keyword_1) SeqScan(cc) SeqScan(cct2) SeqScan(cct1) IndexScan(mi_idx movie_id_movie_info_idx_1) SeqScan(it2) IndexScan(mi movie_id_movie_info_1) IndexScan(t sampled_title_1_pkey) IndexScan(ci movie_id_cast_info_1) IndexScan(n sampled_name_1_pkey) SeqScan(it1) NestLoop(k mk) HashJoin(cc cct2) HashJoin(cc cct2 cct1) HashJoin(k mk cc cct2 cct1) NestLoop(k mk cc cct2 cct1 mi_idx) HashJoin(k mk cc cct2 cct1 mi_idx it2) NestLoop(k mk cc cct2 cct1 mi_idx it2 mi) NestLoop(k mk cc cct2 cct1 mi_idx it2 mi t) NestLoop(k mk cc cct2 cct1 mi_idx it2 mi t ci) NestLoop(k mk cc cct2 cct1 mi_idx it2 mi t ci n) HashJoin(k mk cc cct2 cct1 mi_idx it2 mi t ci n it1) Leading((((((((((k mk) ((cc cct2) cct1)) mi_idx) it2) mi) t) ci) n) it1)) */
"SELECT MIN(mi.info) AS movie_budget, MIN(mi_idx.info) AS movie_votes, MIN(n.name) AS writer, MIN(t.title) AS complete_violent_movie
FROM sampled_complete_cast_1 AS cc,
    sampled_comp_cast_type_1 AS cct1,
    sampled_comp_cast_type_1 AS cct2,
    sampled_cast_info_1 AS ci,
    sampled_info_type_1 AS it1,
    sampled_info_type_1 AS it2,
    sampled_keyword_1 AS k,
    sampled_movie_info_1 AS mi,
    sampled_movie_info_idx_1 AS mi_idx,
    sampled_movie_keyword_1 AS mk,
    sampled_name_1 AS n,
    sampled_title_1 AS t
WHERE t.id = mi.movie_id
AND t.id = mi_idx.movie_id
AND t.id = ci.movie_id
AND t.id = mk.movie_id
AND t.id = cc.movie_id
AND ci.movie_id = mi.movie_id
AND ci.movie_id = mi_idx.movie_id
AND ci.movie_id = mk.movie_id
AND ci.movie_id = cc.movie_id
AND mi.movie_id = mi_idx.movie_id
AND mi.movie_id = mk.movie_id
AND mi.movie_id = cc.movie_id
AND mi_idx.movie_id = mk.movie_id
AND mi_idx.movie_id = cc.movie_id
AND mk.movie_id = cc.movie_id
AND n.id = ci.person_id
AND it1.id = mi.info_type_id
AND it2.id = mi_idx.info_type_id
AND k.id = mk.keyword_id
AND cct1.id = cc.subject_id
AND cct2.id = cc.status_id
AND cct1.kind IN ('crew', 'crew', 'crew', 'crew', 'crew')
AND cct2.kind = 'complete+verified'
AND ci.note IN ('(executive producer)', '(executive producer)', '(executive producer)', '(executive producer)', '(executive producer)')
AND it1.info = 'countries'
AND it2.info = 'rating'
AND k.keyword IN ('number-in-title', 'nudity', 'number-in-title', 'based-on-play', 'based-on-play')
AND mi.info IN ('RAT:1.33 : 1', 'English', 'English', 'USA', 'English')
AND n.gender = 'm'
AND t.production_year > 1983;",101,/*+  SeqScan(k) IndexScan(mk keyword_id_movie_keyword_1) SeqScan(cc) SeqScan(cct2) SeqScan(cct1) IndexScan(mi_idx movie_id_movie_info_idx_1) SeqScan(it2) IndexScan(mi movie_id_movie_info_1) IndexScan(t sampled_title_1_pkey) IndexScan(ci movie_id_cast_info_1) IndexScan(n sampled_name_1_pkey) SeqScan(it1) NestLoop(k mk) HashJoin(cc cct2) HashJoin(cc cct2 cct1) HashJoin(k mk cc cct2 cct1) NestLoop(k mk cc cct2 cct1 mi_idx) HashJoin(k mk cc cct2 cct1 mi_idx it2) NestLoop(k mk cc cct2 cct1 mi_idx it2 mi) NestLoop(k mk cc cct2 cct1 mi_idx it2 mi t) NestLoop(k mk cc cct2 cct1 mi_idx it2 mi t ci) NestLoop(k mk cc cct2 cct1 mi_idx it2 mi t ci n) HashJoin(k mk cc cct2 cct1 mi_idx it2 mi t ci n it1) Leading((((((((((k mk) ((cc cct2) cct1)) mi_idx) it2) mi) t) ci) n) it1)) */
"SELECT MIN(mi.info) AS movie_budget, MIN(mi_idx.info) AS movie_votes, MIN(n.name) AS writer, MIN(t.title) AS complete_violent_movie
FROM sampled_complete_cast_1 AS cc,
    sampled_comp_cast_type_1 AS cct1,
    sampled_comp_cast_type_1 AS cct2,
    sampled_cast_info_1 AS ci,
    sampled_info_type_1 AS it1,
    sampled_info_type_1 AS it2,
    sampled_keyword_1 AS k,
    sampled_movie_info_1 AS mi,
    sampled_movie_info_idx_1 AS mi_idx,
    sampled_movie_keyword_1 AS mk,
    sampled_name_1 AS n,
    sampled_title_1 AS t
WHERE t.id = mi.movie_id
AND t.id = mi_idx.movie_id
AND t.id = ci.movie_id
AND t.id = mk.movie_id
AND t.id = cc.movie_id
AND ci.movie_id = mi.movie_id
AND ci.movie_id = mi_idx.movie_id
AND ci.movie_id = mk.movie_id
AND ci.movie_id = cc.movie_id
AND mi.movie_id = mi_idx.movie_id
AND mi.movie_id = mk.movie_id
AND mi.movie_id = cc.movie_id
AND mi_idx.movie_id = mk.movie_id
AND mi_idx.movie_id = cc.movie_id
AND mk.movie_id = cc.movie_id
AND n.id = ci.person_id
AND it1.id = mi.info_type_id
AND it2.id = mi_idx.info_type_id
AND k.id = mk.keyword_id
AND cct1.id = cc.subject_id
AND cct2.id = cc.status_id
AND cct1.kind IN ('cast', 'cast', 'cast', 'cast', 'cast')
AND cct2.kind = 'complete+verified'
AND ci.note IN ('(producer)', '(producer)', '(uncredited)', '(uncredited)', '(uncredited)')
AND it1.info = 'countries'
AND it2.info = 'votes distribution'
AND k.keyword IN ('based-on-play', 'nudity', 'number-in-title', 'based-on-play', 'based-on-play')
AND mi.info IN ('Short', 'Short', 'UK', 'Documentary', 'UK')
AND n.gender = 'm'
AND t.production_year > 1989;",101,/*+  SeqScan(k) IndexScan(mk keyword_id_movie_keyword_1) SeqScan(cc) SeqScan(cct2) SeqScan(cct1) IndexScan(mi_idx movie_id_movie_info_idx_1) SeqScan(it2) IndexScan(mi movie_id_movie_info_1) IndexScan(t sampled_title_1_pkey) IndexScan(ci movie_id_cast_info_1) IndexScan(n sampled_name_1_pkey) SeqScan(it1) NestLoop(k mk) HashJoin(cc cct2) HashJoin(cc cct2 cct1) HashJoin(k mk cc cct2 cct1) NestLoop(k mk cc cct2 cct1 mi_idx) HashJoin(k mk cc cct2 cct1 mi_idx it2) NestLoop(k mk cc cct2 cct1 mi_idx it2 mi) NestLoop(k mk cc cct2 cct1 mi_idx it2 mi t) NestLoop(k mk cc cct2 cct1 mi_idx it2 mi t ci) NestLoop(k mk cc cct2 cct1 mi_idx it2 mi t ci n) HashJoin(k mk cc cct2 cct1 mi_idx it2 mi t ci n it1) Leading((((((((((k mk) ((cc cct2) cct1)) mi_idx) it2) mi) t) ci) n) it1)) */
"SELECT MIN(mi.info) AS movie_budget, MIN(mi_idx.info) AS movie_votes, MIN(n.name) AS writer, MIN(t.title) AS complete_violent_movie
FROM sampled_complete_cast_1 AS cc,
    sampled_comp_cast_type_1 AS cct1,
    sampled_comp_cast_type_1 AS cct2,
    sampled_cast_info_1 AS ci,
    sampled_info_type_1 AS it1,
    sampled_info_type_1 AS it2,
    sampled_keyword_1 AS k,
    sampled_movie_info_1 AS mi,
    sampled_movie_info_idx_1 AS mi_idx,
    sampled_movie_keyword_1 AS mk,
    sampled_name_1 AS n,
    sampled_title_1 AS t
WHERE t.id = mi.movie_id
AND t.id = mi_idx.movie_id
AND t.id = ci.movie_id
AND t.id = mk.movie_id
AND t.id = cc.movie_id
AND ci.movie_id = mi.movie_id
AND ci.movie_id = mi_idx.movie_id
AND ci.movie_id = mk.movie_id
AND ci.movie_id = cc.movie_id
AND mi.movie_id = mi_idx.movie_id
AND mi.movie_id = mk.movie_id
AND mi.movie_id = cc.movie_id
AND mi_idx.movie_id = mk.movie_id
AND mi_idx.movie_id = cc.movie_id
AND mk.movie_id = cc.movie_id
AND n.id = ci.person_id
AND it1.id = mi.info_type_id
AND it2.id = mi_idx.info_type_id
AND k.id = mk.keyword_id
AND cct1.id = cc.subject_id
AND cct2.id = cc.status_id
AND cct1.kind IN ('crew', 'crew', 'crew', 'crew', 'crew')
AND cct2.kind = 'complete'
AND ci.note IN ('(uncredited)', '(uncredited)', '(uncredited)', '(uncredited)', '(uncredited)')
AND it1.info = 'countries'
AND it2.info = 'rating'
AND k.keyword IN ('murder', 'murder', 'murder', 'murder', 'murder')
AND mi.info IN ('RAT:1.33 : 1', 'RAT:1.33 : 1', 'USA', 'RAT:1.33 : 1', 'RAT:1.33 : 1')
AND n.gender = 'm'
AND t.production_year > 1991;",101,/*+  SeqScan(k) IndexScan(mk keyword_id_movie_keyword_1) SeqScan(cc) SeqScan(cct2) SeqScan(cct1) IndexScan(mi_idx movie_id_movie_info_idx_1) SeqScan(it2) IndexScan(mi movie_id_movie_info_1) IndexScan(t sampled_title_1_pkey) IndexScan(ci movie_id_cast_info_1) IndexScan(n sampled_name_1_pkey) SeqScan(it1) NestLoop(k mk) HashJoin(cc cct2) HashJoin(cc cct2 cct1) HashJoin(k mk cc cct2 cct1) NestLoop(k mk cc cct2 cct1 mi_idx) HashJoin(k mk cc cct2 cct1 mi_idx it2) NestLoop(k mk cc cct2 cct1 mi_idx it2 mi) NestLoop(k mk cc cct2 cct1 mi_idx it2 mi t) NestLoop(k mk cc cct2 cct1 mi_idx it2 mi t ci) NestLoop(k mk cc cct2 cct1 mi_idx it2 mi t ci n) HashJoin(k mk cc cct2 cct1 mi_idx it2 mi t ci n it1) Leading((((((((((k mk) ((cc cct2) cct1)) mi_idx) it2) mi) t) ci) n) it1)) */
"SELECT MIN(mi.info) AS movie_budget, MIN(mi_idx.info) AS movie_votes, MIN(n.name) AS writer, MIN(t.title) AS complete_violent_movie
FROM sampled_complete_cast_1 AS cc,
    sampled_comp_cast_type_1 AS cct1,
    sampled_comp_cast_type_1 AS cct2,
    sampled_cast_info_1 AS ci,
    sampled_info_type_1 AS it1,
    sampled_info_type_1 AS it2,
    sampled_keyword_1 AS k,
    sampled_movie_info_1 AS mi,
    sampled_movie_info_idx_1 AS mi_idx,
    sampled_movie_keyword_1 AS mk,
    sampled_name_1 AS n,
    sampled_title_1 AS t
WHERE t.id = mi.movie_id
AND t.id = mi_idx.movie_id
AND t.id = ci.movie_id
AND t.id = mk.movie_id
AND t.id = cc.movie_id
AND ci.movie_id = mi.movie_id
AND ci.movie_id = mi_idx.movie_id
AND ci.movie_id = mk.movie_id
AND ci.movie_id = cc.movie_id
AND mi.movie_id = mi_idx.movie_id
AND mi.movie_id = mk.movie_id
AND mi.movie_id = cc.movie_id
AND mi_idx.movie_id = mk.movie_id
AND mi_idx.movie_id = cc.movie_id
AND mk.movie_id = cc.movie_id
AND n.id = ci.person_id
AND it1.id = mi.info_type_id
AND it2.id = mi_idx.info_type_id
AND k.id = mk.keyword_id
AND cct1.id = cc.subject_id
AND cct2.id = cc.status_id
AND cct1.kind IN ('cast', 'cast', 'cast', 'cast', 'cast')
AND cct2.kind = 'complete+verified'
AND ci.note IN ('(director of photography)', '(creator)', '(script supervisor)', '(writer)', '(creator)')
AND it1.info = 'genres'
AND it2.info = 'votes'
AND k.keyword IN ('death', 'love', 'lesbian-sex', 'cult-film', 'rape')
AND mi.info IN ('Drama', 'RAT:1.33 : 1', 'Drama', 'Drama', 'RAT:1.33 : 1')
AND n.gender = 'm'
AND t.production_year > 1974;",101,/*+  SeqScan(k) IndexScan(mk keyword_id_movie_keyword_1) SeqScan(cc) SeqScan(cct2) SeqScan(cct1) IndexScan(mi_idx movie_id_movie_info_idx_1) SeqScan(it2) IndexScan(mi movie_id_movie_info_1) IndexScan(t sampled_title_1_pkey) IndexScan(ci movie_id_cast_info_1) IndexScan(n sampled_name_1_pkey) SeqScan(it1) NestLoop(k mk) HashJoin(cc cct2) HashJoin(cc cct2 cct1) HashJoin(k mk cc cct2 cct1) NestLoop(k mk cc cct2 cct1 mi_idx) HashJoin(k mk cc cct2 cct1 mi_idx it2) NestLoop(k mk cc cct2 cct1 mi_idx it2 mi) NestLoop(k mk cc cct2 cct1 mi_idx it2 mi t) NestLoop(k mk cc cct2 cct1 mi_idx it2 mi t ci) NestLoop(k mk cc cct2 cct1 mi_idx it2 mi t ci n) HashJoin(k mk cc cct2 cct1 mi_idx it2 mi t ci n it1) Leading((((((((((k mk) ((cc cct2) cct1)) mi_idx) it2) mi) t) ci) n) it1)) */
"SELECT MIN(mi.info) AS movie_budget, MIN(mi_idx.info) AS movie_votes, MIN(n.name) AS writer, MIN(t.title) AS complete_violent_movie
FROM sampled_complete_cast_1 AS cc,
    sampled_comp_cast_type_1 AS cct1,
    sampled_comp_cast_type_1 AS cct2,
    sampled_cast_info_1 AS ci,
    sampled_info_type_1 AS it1,
    sampled_info_type_1 AS it2,
    sampled_keyword_1 AS k,
    sampled_movie_info_1 AS mi,
    sampled_movie_info_idx_1 AS mi_idx,
    sampled_movie_keyword_1 AS mk,
    sampled_name_1 AS n,
    sampled_title_1 AS t
WHERE t.id = mi.movie_id
AND t.id = mi_idx.movie_id
AND t.id = ci.movie_id
AND t.id = mk.movie_id
AND t.id = cc.movie_id
AND ci.movie_id = mi.movie_id
AND ci.movie_id = mi_idx.movie_id
AND ci.movie_id = mk.movie_id
AND ci.movie_id = cc.movie_id
AND mi.movie_id = mi_idx.movie_id
AND mi.movie_id = mk.movie_id
AND mi.movie_id = cc.movie_id
AND mi_idx.movie_id = mk.movie_id
AND mi_idx.movie_id = cc.movie_id
AND mk.movie_id = cc.movie_id
AND n.id = ci.person_id
AND it1.id = mi.info_type_id
AND it2.id = mi_idx.info_type_id
AND k.id = mk.keyword_id
AND cct1.id = cc.subject_id
AND cct2.id = cc.status_id
AND cct1.kind IN ('crew', 'crew', 'crew', 'crew', 'crew')
AND cct2.kind = 'complete'
AND ci.note IN ('(executive producer)', '(written by)', '(written by)', '(executive producer)', '(voice)')
AND it1.info = 'genres'
AND it2.info = 'votes'
AND k.keyword IN ('sex', 'sex', 'sex', 'sex', 'sex')
AND mi.info IN ('Drama', 'Drama', 'Black and White', 'Drama', 'Black and White')
AND n.gender = 'm'
AND t.production_year > 1967;",101,/*+  SeqScan(k) IndexScan(mk keyword_id_movie_keyword_1) SeqScan(cc) SeqScan(cct2) SeqScan(cct1) IndexScan(mi_idx movie_id_movie_info_idx_1) SeqScan(it2) IndexScan(mi movie_id_movie_info_1) IndexScan(t sampled_title_1_pkey) IndexScan(ci movie_id_cast_info_1) IndexScan(n sampled_name_1_pkey) SeqScan(it1) NestLoop(k mk) HashJoin(cc cct2) HashJoin(cc cct2 cct1) HashJoin(k mk cc cct2 cct1) NestLoop(k mk cc cct2 cct1 mi_idx) HashJoin(k mk cc cct2 cct1 mi_idx it2) NestLoop(k mk cc cct2 cct1 mi_idx it2 mi) NestLoop(k mk cc cct2 cct1 mi_idx it2 mi t) NestLoop(k mk cc cct2 cct1 mi_idx it2 mi t ci) NestLoop(k mk cc cct2 cct1 mi_idx it2 mi t ci n) HashJoin(k mk cc cct2 cct1 mi_idx it2 mi t ci n it1) Leading((((((((((k mk) ((cc cct2) cct1)) mi_idx) it2) mi) t) ci) n) it1)) */
"SELECT MIN(mi.info) AS movie_budget, MIN(mi_idx.info) AS movie_votes, MIN(n.name) AS writer, MIN(t.title) AS complete_violent_movie
FROM sampled_complete_cast_1 AS cc,
    sampled_comp_cast_type_1 AS cct1,
    sampled_comp_cast_type_1 AS cct2,
    sampled_cast_info_1 AS ci,
    sampled_info_type_1 AS it1,
    sampled_info_type_1 AS it2,
    sampled_keyword_1 AS k,
    sampled_movie_info_1 AS mi,
    sampled_movie_info_idx_1 AS mi_idx,
    sampled_movie_keyword_1 AS mk,
    sampled_name_1 AS n,
    sampled_title_1 AS t
WHERE t.id = mi.movie_id
AND t.id = mi_idx.movie_id
AND t.id = ci.movie_id
AND t.id = mk.movie_id
AND t.id = cc.movie_id
AND ci.movie_id = mi.movie_id
AND ci.movie_id = mi_idx.movie_id
AND ci.movie_id = mk.movie_id
AND ci.movie_id = cc.movie_id
AND mi.movie_id = mi_idx.movie_id
AND mi.movie_id = mk.movie_id
AND mi.movie_id = cc.movie_id
AND mi_idx.movie_id = mk.movie_id
AND mi_idx.movie_id = cc.movie_id
AND mk.movie_id = cc.movie_id
AND n.id = ci.person_id
AND it1.id = mi.info_type_id
AND it2.id = mi_idx.info_type_id
AND k.id = mk.keyword_id
AND cct1.id = cc.subject_id
AND cct2.id = cc.status_id
AND cct1.kind IN ('cast', 'cast', 'cast', 'cast', 'cast')
AND cct2.kind = 'complete+verified'
AND ci.note IN ('(producer)', '(producer)', '(producer)', '(producer)', '(producer)')
AND it1.info = 'countries'
AND it2.info = 'top 250 rank'
AND k.keyword IN ('based-on-novel', 'based-on-novel', 'based-on-novel', 'based-on-novel', 'based-on-novel')
AND mi.info IN ('USA', 'PFM:35 mm', 'PFM:35 mm', 'PFM:35 mm', 'PFM:35 mm')
AND n.gender = 'm'
AND t.production_year > 1967;",101,/*+  SeqScan(k) IndexScan(mk keyword_id_movie_keyword_1) SeqScan(cc) SeqScan(cct2) SeqScan(cct1) IndexScan(mi_idx movie_id_movie_info_idx_1) SeqScan(it2) IndexScan(mi movie_id_movie_info_1) IndexScan(t sampled_title_1_pkey) IndexScan(ci movie_id_cast_info_1) IndexScan(n sampled_name_1_pkey) SeqScan(it1) NestLoop(k mk) HashJoin(cc cct2) HashJoin(cc cct2 cct1) HashJoin(k mk cc cct2 cct1) NestLoop(k mk cc cct2 cct1 mi_idx) HashJoin(k mk cc cct2 cct1 mi_idx it2) NestLoop(k mk cc cct2 cct1 mi_idx it2 mi) NestLoop(k mk cc cct2 cct1 mi_idx it2 mi t) NestLoop(k mk cc cct2 cct1 mi_idx it2 mi t ci) NestLoop(k mk cc cct2 cct1 mi_idx it2 mi t ci n) HashJoin(k mk cc cct2 cct1 mi_idx it2 mi t ci n it1) Leading((((((((((k mk) ((cc cct2) cct1)) mi_idx) it2) mi) t) ci) n) it1)) */
"SELECT MIN(mi.info) AS movie_budget, MIN(mi_idx.info) AS movie_votes, MIN(n.name) AS writer, MIN(t.title) AS complete_violent_movie
FROM sampled_complete_cast_1 AS cc,
    sampled_comp_cast_type_1 AS cct1,
    sampled_comp_cast_type_1 AS cct2,
    sampled_cast_info_1 AS ci,
    sampled_info_type_1 AS it1,
    sampled_info_type_1 AS it2,
    sampled_keyword_1 AS k,
    sampled_movie_info_1 AS mi,
    sampled_movie_info_idx_1 AS mi_idx,
    sampled_movie_keyword_1 AS mk,
    sampled_name_1 AS n,
    sampled_title_1 AS t
WHERE t.id = mi.movie_id
AND t.id = mi_idx.movie_id
AND t.id = ci.movie_id
AND t.id = mk.movie_id
AND t.id = cc.movie_id
AND ci.movie_id = mi.movie_id
AND ci.movie_id = mi_idx.movie_id
AND ci.movie_id = mk.movie_id
AND ci.movie_id = cc.movie_id
AND mi.movie_id = mi_idx.movie_id
AND mi.movie_id = mk.movie_id
AND mi.movie_id = cc.movie_id
AND mi_idx.movie_id = mk.movie_id
AND mi_idx.movie_id = cc.movie_id
AND mk.movie_id = cc.movie_id
AND n.id = ci.person_id
AND it1.id = mi.info_type_id
AND it2.id = mi_idx.info_type_id
AND k.id = mk.keyword_id
AND cct1.id = cc.subject_id
AND cct2.id = cc.status_id
AND cct1.kind IN ('crew', 'crew', 'crew', 'crew', 'crew')
AND cct2.kind = 'complete+verified'
AND ci.note IN ('(production assistant)', '(writer)', '(production assistant)', '(production assistant)', '(production assistant)')
AND it1.info = 'countries'
AND it2.info = 'votes distribution'
AND k.keyword IN ('murder', 'murder', 'murder', 'murder', 'murder')
AND mi.info IN ('OFM:35 mm', 'USA', 'OFM:35 mm', 'RAT:1.33 : 1', 'PFM:35 mm')
AND n.gender = 'm'
AND t.production_year > 1967;",101,/*+  SeqScan(k) IndexScan(mk keyword_id_movie_keyword_1) SeqScan(cc) SeqScan(cct2) SeqScan(cct1) IndexScan(mi_idx movie_id_movie_info_idx_1) SeqScan(it2) IndexScan(mi movie_id_movie_info_1) IndexScan(t sampled_title_1_pkey) IndexScan(ci movie_id_cast_info_1) IndexScan(n sampled_name_1_pkey) SeqScan(it1) NestLoop(k mk) HashJoin(cc cct2) HashJoin(cc cct2 cct1) HashJoin(k mk cc cct2 cct1) NestLoop(k mk cc cct2 cct1 mi_idx) HashJoin(k mk cc cct2 cct1 mi_idx it2) NestLoop(k mk cc cct2 cct1 mi_idx it2 mi) NestLoop(k mk cc cct2 cct1 mi_idx it2 mi t) NestLoop(k mk cc cct2 cct1 mi_idx it2 mi t ci) NestLoop(k mk cc cct2 cct1 mi_idx it2 mi t ci n) HashJoin(k mk cc cct2 cct1 mi_idx it2 mi t ci n it1) Leading((((((((((k mk) ((cc cct2) cct1)) mi_idx) it2) mi) t) ci) n) it1)) */
"SELECT MIN(mi.info) AS movie_budget, MIN(mi_idx.info) AS movie_votes, MIN(n.name) AS writer, MIN(t.title) AS complete_violent_movie
FROM sampled_complete_cast_1 AS cc,
    sampled_comp_cast_type_1 AS cct1,
    sampled_comp_cast_type_1 AS cct2,
    sampled_cast_info_1 AS ci,
    sampled_info_type_1 AS it1,
    sampled_info_type_1 AS it2,
    sampled_keyword_1 AS k,
    sampled_movie_info_1 AS mi,
    sampled_movie_info_idx_1 AS mi_idx,
    sampled_movie_keyword_1 AS mk,
    sampled_name_1 AS n,
    sampled_title_1 AS t
WHERE t.id = mi.movie_id
AND t.id = mi_idx.movie_id
AND t.id = ci.movie_id
AND t.id = mk.movie_id
AND t.id = cc.movie_id
AND ci.movie_id = mi.movie_id
AND ci.movie_id = mi_idx.movie_id
AND ci.movie_id = mk.movie_id
AND ci.movie_id = cc.movie_id
AND mi.movie_id = mi_idx.movie_id
AND mi.movie_id = mk.movie_id
AND mi.movie_id = cc.movie_id
AND mi_idx.movie_id = mk.movie_id
AND mi_idx.movie_id = cc.movie_id
AND mk.movie_id = cc.movie_id
AND n.id = ci.person_id
AND it1.id = mi.info_type_id
AND it2.id = mi_idx.info_type_id
AND k.id = mk.keyword_id
AND cct1.id = cc.subject_id
AND cct2.id = cc.status_id
AND cct1.kind IN ('cast', 'cast', 'cast', 'cast', 'cast')
AND cct2.kind = 'complete+verified'
AND ci.note IN ('(associate producer)', '(archive footage)', '(screenplay)', '(screenplay)', '(story)')
AND it1.info = 'countries'
AND it2.info = 'votes'
AND k.keyword IN ('based-on-novel', 'based-on-novel', 'based-on-novel', 'based-on-novel', 'based-on-novel')
AND mi.info IN ('Mono', 'USA', 'Black and White', 'Color', 'English')
AND n.gender = 'm'
AND t.production_year > 1969;",101,/*+  SeqScan(k) IndexScan(mk keyword_id_movie_keyword_1) SeqScan(cc) SeqScan(cct2) SeqScan(cct1) IndexScan(mi_idx movie_id_movie_info_idx_1) SeqScan(it2) IndexScan(mi movie_id_movie_info_1) IndexScan(t sampled_title_1_pkey) IndexScan(ci movie_id_cast_info_1) IndexScan(n sampled_name_1_pkey) SeqScan(it1) NestLoop(k mk) HashJoin(cc cct2) HashJoin(cc cct2 cct1) HashJoin(k mk cc cct2 cct1) NestLoop(k mk cc cct2 cct1 mi_idx) HashJoin(k mk cc cct2 cct1 mi_idx it2) NestLoop(k mk cc cct2 cct1 mi_idx it2 mi) NestLoop(k mk cc cct2 cct1 mi_idx it2 mi t) NestLoop(k mk cc cct2 cct1 mi_idx it2 mi t ci) NestLoop(k mk cc cct2 cct1 mi_idx it2 mi t ci n) HashJoin(k mk cc cct2 cct1 mi_idx it2 mi t ci n it1) Leading((((((((((k mk) ((cc cct2) cct1)) mi_idx) it2) mi) t) ci) n) it1)) */
"SELECT MIN(mi.info) AS movie_budget, MIN(mi_idx.info) AS movie_votes, MIN(n.name) AS writer, MIN(t.title) AS complete_violent_movie
FROM sampled_complete_cast_1 AS cc,
    sampled_comp_cast_type_1 AS cct1,
    sampled_comp_cast_type_1 AS cct2,
    sampled_cast_info_1 AS ci,
    sampled_info_type_1 AS it1,
    sampled_info_type_1 AS it2,
    sampled_keyword_1 AS k,
    sampled_movie_info_1 AS mi,
    sampled_movie_info_idx_1 AS mi_idx,
    sampled_movie_keyword_1 AS mk,
    sampled_name_1 AS n,
    sampled_title_1 AS t
WHERE t.id = mi.movie_id
AND t.id = mi_idx.movie_id
AND t.id = ci.movie_id
AND t.id = mk.movie_id
AND t.id = cc.movie_id
AND ci.movie_id = mi.movie_id
AND ci.movie_id = mi_idx.movie_id
AND ci.movie_id = mk.movie_id
AND ci.movie_id = cc.movie_id
AND mi.movie_id = mi_idx.movie_id
AND mi.movie_id = mk.movie_id
AND mi.movie_id = cc.movie_id
AND mi_idx.movie_id = mk.movie_id
AND mi_idx.movie_id = cc.movie_id
AND mk.movie_id = cc.movie_id
AND n.id = ci.person_id
AND it1.id = mi.info_type_id
AND it2.id = mi_idx.info_type_id
AND k.id = mk.keyword_id
AND cct1.id = cc.subject_id
AND cct2.id = cc.status_id
AND cct1.kind IN ('crew', 'crew', 'crew', 'crew', 'crew')
AND cct2.kind = 'complete+verified'
AND ci.note IN ('(uncredited)', '(uncredited)', '(uncredited)', '(uncredited)', '(uncredited)')
AND it1.info = 'countries'
AND it2.info = 'rating'
AND k.keyword IN ('husband-wife-relationship', 'softcore', 'police', 'non-fiction', 'sequel')
AND mi.info IN ('English', 'English', 'English', 'English', 'USA')
AND n.gender = 'm'
AND t.production_year > 1990;",101,/*+  SeqScan(k) IndexScan(mk keyword_id_movie_keyword_1) SeqScan(cc) SeqScan(cct2) SeqScan(cct1) IndexScan(mi_idx movie_id_movie_info_idx_1) SeqScan(it2) IndexScan(mi movie_id_movie_info_1) IndexScan(t sampled_title_1_pkey) IndexScan(ci movie_id_cast_info_1) IndexScan(n sampled_name_1_pkey) SeqScan(it1) NestLoop(k mk) HashJoin(cc cct2) HashJoin(cc cct2 cct1) HashJoin(k mk cc cct2 cct1) NestLoop(k mk cc cct2 cct1 mi_idx) HashJoin(k mk cc cct2 cct1 mi_idx it2) NestLoop(k mk cc cct2 cct1 mi_idx it2 mi) NestLoop(k mk cc cct2 cct1 mi_idx it2 mi t) NestLoop(k mk cc cct2 cct1 mi_idx it2 mi t ci) NestLoop(k mk cc cct2 cct1 mi_idx it2 mi t ci n) HashJoin(k mk cc cct2 cct1 mi_idx it2 mi t ci n it1) Leading((((((((((k mk) ((cc cct2) cct1)) mi_idx) it2) mi) t) ci) n) it1)) */
"SELECT MIN(mi.info) AS movie_budget, MIN(mi_idx.info) AS movie_votes, MIN(n.name) AS writer, MIN(t.title) AS complete_violent_movie
FROM sampled_complete_cast_1 AS cc,
    sampled_comp_cast_type_1 AS cct1,
    sampled_comp_cast_type_1 AS cct2,
    sampled_cast_info_1 AS ci,
    sampled_info_type_1 AS it1,
    sampled_info_type_1 AS it2,
    sampled_keyword_1 AS k,
    sampled_movie_info_1 AS mi,
    sampled_movie_info_idx_1 AS mi_idx,
    sampled_movie_keyword_1 AS mk,
    sampled_name_1 AS n,
    sampled_title_1 AS t
WHERE t.id = mi.movie_id
AND t.id = mi_idx.movie_id
AND t.id = ci.movie_id
AND t.id = mk.movie_id
AND t.id = cc.movie_id
AND ci.movie_id = mi.movie_id
AND ci.movie_id = mi_idx.movie_id
AND ci.movie_id = mk.movie_id
AND ci.movie_id = cc.movie_id
AND mi.movie_id = mi_idx.movie_id
AND mi.movie_id = mk.movie_id
AND mi.movie_id = cc.movie_id
AND mi_idx.movie_id = mk.movie_id
AND mi_idx.movie_id = cc.movie_id
AND mk.movie_id = cc.movie_id
AND n.id = ci.person_id
AND it1.id = mi.info_type_id
AND it2.id = mi_idx.info_type_id
AND k.id = mk.keyword_id
AND cct1.id = cc.subject_id
AND cct2.id = cc.status_id
AND cct1.kind IN ('crew', 'crew', 'crew', 'crew', 'crew')
AND cct2.kind = 'complete'
AND ci.note IN ('(associate producer)', '(associate producer)', '(associate producer)', '(writer)', '(production assistant)')
AND it1.info = 'countries'
AND it2.info = 'votes'
AND k.keyword IN ('sex', 'sex', 'sex', 'sex', 'sex')
AND mi.info IN ('English', 'English', 'Color', 'USA', 'RAT:1.33 : 1')
AND n.gender = 'm'
AND t.production_year > 1972;",101,/*+  SeqScan(k) IndexScan(mk keyword_id_movie_keyword_1) SeqScan(cc) SeqScan(cct2) SeqScan(cct1) IndexScan(mi_idx movie_id_movie_info_idx_1) SeqScan(it2) IndexScan(mi movie_id_movie_info_1) IndexScan(t sampled_title_1_pkey) IndexScan(ci movie_id_cast_info_1) IndexScan(n sampled_name_1_pkey) SeqScan(it1) NestLoop(k mk) HashJoin(cc cct2) HashJoin(cc cct2 cct1) HashJoin(k mk cc cct2 cct1) NestLoop(k mk cc cct2 cct1 mi_idx) HashJoin(k mk cc cct2 cct1 mi_idx it2) NestLoop(k mk cc cct2 cct1 mi_idx it2 mi) NestLoop(k mk cc cct2 cct1 mi_idx it2 mi t) NestLoop(k mk cc cct2 cct1 mi_idx it2 mi t ci) NestLoop(k mk cc cct2 cct1 mi_idx it2 mi t ci n) HashJoin(k mk cc cct2 cct1 mi_idx it2 mi t ci n it1) Leading((((((((((k mk) ((cc cct2) cct1)) mi_idx) it2) mi) t) ci) n) it1)) */
"SELECT MIN(mi.info) AS movie_budget, MIN(mi_idx.info) AS movie_votes, MIN(n.name) AS writer, MIN(t.title) AS complete_violent_movie
FROM sampled_complete_cast_1 AS cc,
    sampled_comp_cast_type_1 AS cct1,
    sampled_comp_cast_type_1 AS cct2,
    sampled_cast_info_1 AS ci,
    sampled_info_type_1 AS it1,
    sampled_info_type_1 AS it2,
    sampled_keyword_1 AS k,
    sampled_movie_info_1 AS mi,
    sampled_movie_info_idx_1 AS mi_idx,
    sampled_movie_keyword_1 AS mk,
    sampled_name_1 AS n,
    sampled_title_1 AS t
WHERE t.id = mi.movie_id
AND t.id = mi_idx.movie_id
AND t.id = ci.movie_id
AND t.id = mk.movie_id
AND t.id = cc.movie_id
AND ci.movie_id = mi.movie_id
AND ci.movie_id = mi_idx.movie_id
AND ci.movie_id = mk.movie_id
AND ci.movie_id = cc.movie_id
AND mi.movie_id = mi_idx.movie_id
AND mi.movie_id = mk.movie_id
AND mi.movie_id = cc.movie_id
AND mi_idx.movie_id = mk.movie_id
AND mi_idx.movie_id = cc.movie_id
AND mk.movie_id = cc.movie_id
AND n.id = ci.person_id
AND it1.id = mi.info_type_id
AND it2.id = mi_idx.info_type_id
AND k.id = mk.keyword_id
AND cct1.id = cc.subject_id
AND cct2.id = cc.status_id
AND cct1.kind IN ('cast', 'cast', 'cast', 'cast', 'cast')
AND cct2.kind = 'complete'
AND ci.note IN ('(uncredited)', '(uncredited)', '(uncredited)', '(uncredited)', '(uncredited)')
AND it1.info = 'countries'
AND it2.info = 'rating'
AND k.keyword IN ('sex', 'sex', 'sex', 'sex', 'sex')
AND mi.info IN ('-', '-', 'UK', 'Black and White', 'UK')
AND n.gender = 'm'
AND t.production_year > 1977;",101,/*+  SeqScan(k) IndexScan(mk keyword_id_movie_keyword_1) SeqScan(cc) SeqScan(cct2) SeqScan(cct1) IndexScan(mi_idx movie_id_movie_info_idx_1) SeqScan(it2) IndexScan(mi movie_id_movie_info_1) IndexScan(t sampled_title_1_pkey) IndexScan(ci movie_id_cast_info_1) IndexScan(n sampled_name_1_pkey) SeqScan(it1) NestLoop(k mk) HashJoin(cc cct2) HashJoin(cc cct2 cct1) HashJoin(k mk cc cct2 cct1) NestLoop(k mk cc cct2 cct1 mi_idx) HashJoin(k mk cc cct2 cct1 mi_idx it2) NestLoop(k mk cc cct2 cct1 mi_idx it2 mi) NestLoop(k mk cc cct2 cct1 mi_idx it2 mi t) NestLoop(k mk cc cct2 cct1 mi_idx it2 mi t ci) NestLoop(k mk cc cct2 cct1 mi_idx it2 mi t ci n) HashJoin(k mk cc cct2 cct1 mi_idx it2 mi t ci n it1) Leading((((((((((k mk) ((cc cct2) cct1)) mi_idx) it2) mi) t) ci) n) it1)) */
"SELECT MIN(mi.info) AS movie_budget, MIN(mi_idx.info) AS movie_votes, MIN(n.name) AS writer, MIN(t.title) AS complete_violent_movie
FROM sampled_complete_cast_1 AS cc,
    sampled_comp_cast_type_1 AS cct1,
    sampled_comp_cast_type_1 AS cct2,
    sampled_cast_info_1 AS ci,
    sampled_info_type_1 AS it1,
    sampled_info_type_1 AS it2,
    sampled_keyword_1 AS k,
    sampled_movie_info_1 AS mi,
    sampled_movie_info_idx_1 AS mi_idx,
    sampled_movie_keyword_1 AS mk,
    sampled_name_1 AS n,
    sampled_title_1 AS t
WHERE t.id = mi.movie_id
AND t.id = mi_idx.movie_id
AND t.id = ci.movie_id
AND t.id = mk.movie_id
AND t.id = cc.movie_id
AND ci.movie_id = mi.movie_id
AND ci.movie_id = mi_idx.movie_id
AND ci.movie_id = mk.movie_id
AND ci.movie_id = cc.movie_id
AND mi.movie_id = mi_idx.movie_id
AND mi.movie_id = mk.movie_id
AND mi.movie_id = cc.movie_id
AND mi_idx.movie_id = mk.movie_id
AND mi_idx.movie_id = cc.movie_id
AND mk.movie_id = cc.movie_id
AND n.id = ci.person_id
AND it1.id = mi.info_type_id
AND it2.id = mi_idx.info_type_id
AND k.id = mk.keyword_id
AND cct1.id = cc.subject_id
AND cct2.id = cc.status_id
AND cct1.kind IN ('cast', 'cast', 'cast', 'cast', 'cast')
AND cct2.kind = 'complete'
AND ci.note IN ('(executive producer)', '(producer)', '(uncredited)', '(writer)', '(writer)')
AND it1.info = 'genres'
AND it2.info = 'votes'
AND k.keyword IN ('based-on-novel', 'based-on-novel', 'based-on-novel', 'based-on-novel', 'based-on-novel')
AND mi.info IN ('OFM:35 mm', 'Color', 'Drama', 'Drama', 'Color')
AND n.gender = 'm'
AND t.production_year > 1966;",101,/*+  SeqScan(k) IndexScan(mk keyword_id_movie_keyword_1) SeqScan(cc) SeqScan(cct2) SeqScan(cct1) IndexScan(mi_idx movie_id_movie_info_idx_1) SeqScan(it2) IndexScan(mi movie_id_movie_info_1) IndexScan(t sampled_title_1_pkey) IndexScan(ci movie_id_cast_info_1) IndexScan(n sampled_name_1_pkey) SeqScan(it1) NestLoop(k mk) HashJoin(cc cct2) HashJoin(cc cct2 cct1) HashJoin(k mk cc cct2 cct1) NestLoop(k mk cc cct2 cct1 mi_idx) HashJoin(k mk cc cct2 cct1 mi_idx it2) NestLoop(k mk cc cct2 cct1 mi_idx it2 mi) NestLoop(k mk cc cct2 cct1 mi_idx it2 mi t) NestLoop(k mk cc cct2 cct1 mi_idx it2 mi t ci) NestLoop(k mk cc cct2 cct1 mi_idx it2 mi t ci n) HashJoin(k mk cc cct2 cct1 mi_idx it2 mi t ci n it1) Leading((((((((((k mk) ((cc cct2) cct1)) mi_idx) it2) mi) t) ci) n) it1)) */
"SELECT MIN(mi.info) AS movie_budget, MIN(mi_idx.info) AS movie_votes, MIN(n.name) AS writer, MIN(t.title) AS complete_violent_movie
FROM sampled_complete_cast_1 AS cc,
    sampled_comp_cast_type_1 AS cct1,
    sampled_comp_cast_type_1 AS cct2,
    sampled_cast_info_1 AS ci,
    sampled_info_type_1 AS it1,
    sampled_info_type_1 AS it2,
    sampled_keyword_1 AS k,
    sampled_movie_info_1 AS mi,
    sampled_movie_info_idx_1 AS mi_idx,
    sampled_movie_keyword_1 AS mk,
    sampled_name_1 AS n,
    sampled_title_1 AS t
WHERE t.id = mi.movie_id
AND t.id = mi_idx.movie_id
AND t.id = ci.movie_id
AND t.id = mk.movie_id
AND t.id = cc.movie_id
AND ci.movie_id = mi.movie_id
AND ci.movie_id = mi_idx.movie_id
AND ci.movie_id = mk.movie_id
AND ci.movie_id = cc.movie_id
AND mi.movie_id = mi_idx.movie_id
AND mi.movie_id = mk.movie_id
AND mi.movie_id = cc.movie_id
AND mi_idx.movie_id = mk.movie_id
AND mi_idx.movie_id = cc.movie_id
AND mk.movie_id = cc.movie_id
AND n.id = ci.person_id
AND it1.id = mi.info_type_id
AND it2.id = mi_idx.info_type_id
AND k.id = mk.keyword_id
AND cct1.id = cc.subject_id
AND cct2.id = cc.status_id
AND cct1.kind IN ('crew', 'crew', 'crew', 'crew', 'crew')
AND cct2.kind = 'complete'
AND ci.note IN ('(screenplay)', '(location manager)', '(voice)', '(writer)', '(story)')
AND it1.info = 'genres'
AND it2.info = 'rating'
AND k.keyword IN ('murder', 'murder', 'murder', 'murder', 'murder')
AND mi.info IN ('Drama', 'Drama', 'Drama', 'Drama', 'Drama')
AND n.gender = 'm'
AND t.production_year > 1976;",101,/*+  SeqScan(k) IndexScan(mk keyword_id_movie_keyword_1) SeqScan(cc) SeqScan(cct2) SeqScan(cct1) IndexScan(mi_idx movie_id_movie_info_idx_1) SeqScan(it2) IndexScan(mi movie_id_movie_info_1) IndexScan(t sampled_title_1_pkey) IndexScan(ci movie_id_cast_info_1) IndexScan(n sampled_name_1_pkey) SeqScan(it1) NestLoop(k mk) HashJoin(cc cct2) HashJoin(cc cct2 cct1) HashJoin(k mk cc cct2 cct1) NestLoop(k mk cc cct2 cct1 mi_idx) HashJoin(k mk cc cct2 cct1 mi_idx it2) NestLoop(k mk cc cct2 cct1 mi_idx it2 mi) NestLoop(k mk cc cct2 cct1 mi_idx it2 mi t) NestLoop(k mk cc cct2 cct1 mi_idx it2 mi t ci) NestLoop(k mk cc cct2 cct1 mi_idx it2 mi t ci n) HashJoin(k mk cc cct2 cct1 mi_idx it2 mi t ci n it1) Leading((((((((((k mk) ((cc cct2) cct1)) mi_idx) it2) mi) t) ci) n) it1)) */
"SELECT MIN(mi.info) AS movie_budget, MIN(mi_idx.info) AS movie_votes, MIN(n.name) AS writer, MIN(t.title) AS complete_violent_movie
FROM sampled_complete_cast_1 AS cc,
    sampled_comp_cast_type_1 AS cct1,
    sampled_comp_cast_type_1 AS cct2,
    sampled_cast_info_1 AS ci,
    sampled_info_type_1 AS it1,
    sampled_info_type_1 AS it2,
    sampled_keyword_1 AS k,
    sampled_movie_info_1 AS mi,
    sampled_movie_info_idx_1 AS mi_idx,
    sampled_movie_keyword_1 AS mk,
    sampled_name_1 AS n,
    sampled_title_1 AS t
WHERE t.id = mi.movie_id
AND t.id = mi_idx.movie_id
AND t.id = ci.movie_id
AND t.id = mk.movie_id
AND t.id = cc.movie_id
AND ci.movie_id = mi.movie_id
AND ci.movie_id = mi_idx.movie_id
AND ci.movie_id = mk.movie_id
AND ci.movie_id = cc.movie_id
AND mi.movie_id = mi_idx.movie_id
AND mi.movie_id = mk.movie_id
AND mi.movie_id = cc.movie_id
AND mi_idx.movie_id = mk.movie_id
AND mi_idx.movie_id = cc.movie_id
AND mk.movie_id = cc.movie_id
AND n.id = ci.person_id
AND it1.id = mi.info_type_id
AND it2.id = mi_idx.info_type_id
AND k.id = mk.keyword_id
AND cct1.id = cc.subject_id
AND cct2.id = cc.status_id
AND cct1.kind IN ('crew', 'crew', 'crew', 'crew', 'crew')
AND cct2.kind = 'complete+verified'
AND ci.note IN ('(screenplay)', '(story)', '(archive footage)', '(associate producer)', '(archive footage)')
AND it1.info = 'countries'
AND it2.info = 'votes distribution'
AND k.keyword IN ('hardcore', 'hardcore', 'hardcore', 'hardcore', 'hardcore')
AND mi.info IN ('RAT:1.33 : 1', 'USA', 'OFM:35 mm', 'OFM:35 mm', 'Color')
AND n.gender = 'm'
AND t.production_year > 1973;",101,/*+  SeqScan(k) IndexScan(mk keyword_id_movie_keyword_1) SeqScan(cc) SeqScan(cct2) SeqScan(cct1) IndexScan(mi_idx movie_id_movie_info_idx_1) SeqScan(it2) IndexScan(mi movie_id_movie_info_1) IndexScan(t sampled_title_1_pkey) IndexScan(ci movie_id_cast_info_1) IndexScan(n sampled_name_1_pkey) SeqScan(it1) NestLoop(k mk) HashJoin(cc cct2) HashJoin(cc cct2 cct1) HashJoin(k mk cc cct2 cct1) NestLoop(k mk cc cct2 cct1 mi_idx) HashJoin(k mk cc cct2 cct1 mi_idx it2) NestLoop(k mk cc cct2 cct1 mi_idx it2 mi) NestLoop(k mk cc cct2 cct1 mi_idx it2 mi t) NestLoop(k mk cc cct2 cct1 mi_idx it2 mi t ci) NestLoop(k mk cc cct2 cct1 mi_idx it2 mi t ci n) HashJoin(k mk cc cct2 cct1 mi_idx it2 mi t ci n it1) Leading((((((((((k mk) ((cc cct2) cct1)) mi_idx) it2) mi) t) ci) n) it1)) */
"SELECT MIN(mi.info) AS movie_budget, MIN(mi_idx.info) AS movie_votes, MIN(n.name) AS writer, MIN(t.title) AS complete_violent_movie
FROM sampled_complete_cast_1 AS cc,
    sampled_comp_cast_type_1 AS cct1,
    sampled_comp_cast_type_1 AS cct2,
    sampled_cast_info_1 AS ci,
    sampled_info_type_1 AS it1,
    sampled_info_type_1 AS it2,
    sampled_keyword_1 AS k,
    sampled_movie_info_1 AS mi,
    sampled_movie_info_idx_1 AS mi_idx,
    sampled_movie_keyword_1 AS mk,
    sampled_name_1 AS n,
    sampled_title_1 AS t
WHERE t.id = mi.movie_id
AND t.id = mi_idx.movie_id
AND t.id = ci.movie_id
AND t.id = mk.movie_id
AND t.id = cc.movie_id
AND ci.movie_id = mi.movie_id
AND ci.movie_id = mi_idx.movie_id
AND ci.movie_id = mk.movie_id
AND ci.movie_id = cc.movie_id
AND mi.movie_id = mi_idx.movie_id
AND mi.movie_id = mk.movie_id
AND mi.movie_id = cc.movie_id
AND mi_idx.movie_id = mk.movie_id
AND mi_idx.movie_id = cc.movie_id
AND mk.movie_id = cc.movie_id
AND n.id = ci.person_id
AND it1.id = mi.info_type_id
AND it2.id = mi_idx.info_type_id
AND k.id = mk.keyword_id
AND cct1.id = cc.subject_id
AND cct2.id = cc.status_id
AND cct1.kind IN ('cast', 'cast', 'cast', 'cast', 'cast')
AND cct2.kind = 'complete'
AND ci.note IN ('(producer)', '(producer)', '(producer)', '(producer)', '(producer)')
AND it1.info = 'genres'
AND it2.info = 'votes distribution'
AND k.keyword IN ('based-on-novel', 'based-on-novel', 'based-on-novel', 'based-on-novel', 'based-on-novel')
AND mi.info IN ('UK', 'Comedy', 'Short', 'Documentary', 'Short')
AND n.gender = 'm'
AND t.production_year > 1975;",101,/*+  SeqScan(k) IndexScan(mk keyword_id_movie_keyword_1) SeqScan(cc) SeqScan(cct2) SeqScan(cct1) IndexScan(mi_idx movie_id_movie_info_idx_1) SeqScan(it2) IndexScan(mi movie_id_movie_info_1) IndexScan(t sampled_title_1_pkey) IndexScan(ci movie_id_cast_info_1) IndexScan(n sampled_name_1_pkey) SeqScan(it1) NestLoop(k mk) HashJoin(cc cct2) HashJoin(cc cct2 cct1) HashJoin(k mk cc cct2 cct1) NestLoop(k mk cc cct2 cct1 mi_idx) HashJoin(k mk cc cct2 cct1 mi_idx it2) NestLoop(k mk cc cct2 cct1 mi_idx it2 mi) NestLoop(k mk cc cct2 cct1 mi_idx it2 mi t) NestLoop(k mk cc cct2 cct1 mi_idx it2 mi t ci) NestLoop(k mk cc cct2 cct1 mi_idx it2 mi t ci n) HashJoin(k mk cc cct2 cct1 mi_idx it2 mi t ci n it1) Leading((((((((((k mk) ((cc cct2) cct1)) mi_idx) it2) mi) t) ci) n) it1)) */
"SELECT MIN(mi.info) AS movie_budget, MIN(mi_idx.info) AS movie_votes, MIN(n.name) AS writer, MIN(t.title) AS complete_violent_movie
FROM sampled_complete_cast_1 AS cc,
    sampled_comp_cast_type_1 AS cct1,
    sampled_comp_cast_type_1 AS cct2,
    sampled_cast_info_1 AS ci,
    sampled_info_type_1 AS it1,
    sampled_info_type_1 AS it2,
    sampled_keyword_1 AS k,
    sampled_movie_info_1 AS mi,
    sampled_movie_info_idx_1 AS mi_idx,
    sampled_movie_keyword_1 AS mk,
    sampled_name_1 AS n,
    sampled_title_1 AS t
WHERE t.id = mi.movie_id
AND t.id = mi_idx.movie_id
AND t.id = ci.movie_id
AND t.id = mk.movie_id
AND t.id = cc.movie_id
AND ci.movie_id = mi.movie_id
AND ci.movie_id = mi_idx.movie_id
AND ci.movie_id = mk.movie_id
AND ci.movie_id = cc.movie_id
AND mi.movie_id = mi_idx.movie_id
AND mi.movie_id = mk.movie_id
AND mi.movie_id = cc.movie_id
AND mi_idx.movie_id = mk.movie_id
AND mi_idx.movie_id = cc.movie_id
AND mk.movie_id = cc.movie_id
AND n.id = ci.person_id
AND it1.id = mi.info_type_id
AND it2.id = mi_idx.info_type_id
AND k.id = mk.keyword_id
AND cct1.id = cc.subject_id
AND cct2.id = cc.status_id
AND cct1.kind IN ('crew', 'crew', 'crew', 'crew', 'crew')
AND cct2.kind = 'complete'
AND ci.note IN ('(executive producer)', '(executive producer)', '(executive producer)', '(executive producer)', '(executive producer)')
AND it1.info = 'genres'
AND it2.info = 'votes distribution'
AND k.keyword IN ('murder', 'murder', 'murder', 'murder', 'murder')
AND mi.info IN ('Drama', 'Drama', 'Drama', 'Drama', 'Drama')
AND n.gender = 'm'
AND t.production_year > 1983;",101,/*+  SeqScan(k) IndexScan(mk keyword_id_movie_keyword_1) SeqScan(cc) SeqScan(cct2) SeqScan(cct1) IndexScan(mi_idx movie_id_movie_info_idx_1) SeqScan(it2) IndexScan(mi movie_id_movie_info_1) IndexScan(t sampled_title_1_pkey) IndexScan(ci movie_id_cast_info_1) IndexScan(n sampled_name_1_pkey) SeqScan(it1) NestLoop(k mk) HashJoin(cc cct2) HashJoin(cc cct2 cct1) HashJoin(k mk cc cct2 cct1) NestLoop(k mk cc cct2 cct1 mi_idx) HashJoin(k mk cc cct2 cct1 mi_idx it2) NestLoop(k mk cc cct2 cct1 mi_idx it2 mi) NestLoop(k mk cc cct2 cct1 mi_idx it2 mi t) NestLoop(k mk cc cct2 cct1 mi_idx it2 mi t ci) NestLoop(k mk cc cct2 cct1 mi_idx it2 mi t ci n) HashJoin(k mk cc cct2 cct1 mi_idx it2 mi t ci n it1) Leading((((((((((k mk) ((cc cct2) cct1)) mi_idx) it2) mi) t) ci) n) it1)) */
"SELECT MIN(mi.info) AS movie_budget, MIN(mi_idx.info) AS movie_votes, MIN(n.name) AS writer, MIN(t.title) AS complete_violent_movie
FROM sampled_complete_cast_1 AS cc,
    sampled_comp_cast_type_1 AS cct1,
    sampled_comp_cast_type_1 AS cct2,
    sampled_cast_info_1 AS ci,
    sampled_info_type_1 AS it1,
    sampled_info_type_1 AS it2,
    sampled_keyword_1 AS k,
    sampled_movie_info_1 AS mi,
    sampled_movie_info_idx_1 AS mi_idx,
    sampled_movie_keyword_1 AS mk,
    sampled_name_1 AS n,
    sampled_title_1 AS t
WHERE t.id = mi.movie_id
AND t.id = mi_idx.movie_id
AND t.id = ci.movie_id
AND t.id = mk.movie_id
AND t.id = cc.movie_id
AND ci.movie_id = mi.movie_id
AND ci.movie_id = mi_idx.movie_id
AND ci.movie_id = mk.movie_id
AND ci.movie_id = cc.movie_id
AND mi.movie_id = mi_idx.movie_id
AND mi.movie_id = mk.movie_id
AND mi.movie_id = cc.movie_id
AND mi_idx.movie_id = mk.movie_id
AND mi_idx.movie_id = cc.movie_id
AND mk.movie_id = cc.movie_id
AND n.id = ci.person_id
AND it1.id = mi.info_type_id
AND it2.id = mi_idx.info_type_id
AND k.id = mk.keyword_id
AND cct1.id = cc.subject_id
AND cct2.id = cc.status_id
AND cct1.kind IN ('cast', 'cast', 'cast', 'cast', 'cast')
AND cct2.kind = 'complete'
AND ci.note IN ('(executive producer)', '(uncredited)', '(executive producer)', '(executive producer)', '(uncredited)')
AND it1.info = 'genres'
AND it2.info = 'votes distribution'
AND k.keyword IN ('arcade-game', 'softcore', 'arcade-game', 'love', 'male-nudity')
AND mi.info IN ('Dolby Surround', 'Comedy', '12', '12', 'Comedy')
AND n.gender = 'm'
AND t.production_year > 1989;",101,/*+  SeqScan(k) IndexScan(mk keyword_id_movie_keyword_1) SeqScan(cc) SeqScan(cct2) SeqScan(cct1) IndexScan(mi_idx movie_id_movie_info_idx_1) SeqScan(it2) IndexScan(mi movie_id_movie_info_1) IndexScan(t sampled_title_1_pkey) IndexScan(ci movie_id_cast_info_1) IndexScan(n sampled_name_1_pkey) SeqScan(it1) NestLoop(k mk) HashJoin(cc cct2) HashJoin(cc cct2 cct1) HashJoin(k mk cc cct2 cct1) NestLoop(k mk cc cct2 cct1 mi_idx) HashJoin(k mk cc cct2 cct1 mi_idx it2) NestLoop(k mk cc cct2 cct1 mi_idx it2 mi) NestLoop(k mk cc cct2 cct1 mi_idx it2 mi t) NestLoop(k mk cc cct2 cct1 mi_idx it2 mi t ci) NestLoop(k mk cc cct2 cct1 mi_idx it2 mi t ci n) HashJoin(k mk cc cct2 cct1 mi_idx it2 mi t ci n it1) Leading((((((((((k mk) ((cc cct2) cct1)) mi_idx) it2) mi) t) ci) n) it1)) */
"SELECT MIN(mi.info) AS movie_budget, MIN(mi_idx.info) AS movie_votes, MIN(n.name) AS writer, MIN(t.title) AS complete_violent_movie
FROM sampled_complete_cast_1 AS cc,
    sampled_comp_cast_type_1 AS cct1,
    sampled_comp_cast_type_1 AS cct2,
    sampled_cast_info_1 AS ci,
    sampled_info_type_1 AS it1,
    sampled_info_type_1 AS it2,
    sampled_keyword_1 AS k,
    sampled_movie_info_1 AS mi,
    sampled_movie_info_idx_1 AS mi_idx,
    sampled_movie_keyword_1 AS mk,
    sampled_name_1 AS n,
    sampled_title_1 AS t
WHERE t.id = mi.movie_id
AND t.id = mi_idx.movie_id
AND t.id = ci.movie_id
AND t.id = mk.movie_id
AND t.id = cc.movie_id
AND ci.movie_id = mi.movie_id
AND ci.movie_id = mi_idx.movie_id
AND ci.movie_id = mk.movie_id
AND ci.movie_id = cc.movie_id
AND mi.movie_id = mi_idx.movie_id
AND mi.movie_id = mk.movie_id
AND mi.movie_id = cc.movie_id
AND mi_idx.movie_id = mk.movie_id
AND mi_idx.movie_id = cc.movie_id
AND mk.movie_id = cc.movie_id
AND n.id = ci.person_id
AND it1.id = mi.info_type_id
AND it2.id = mi_idx.info_type_id
AND k.id = mk.keyword_id
AND cct1.id = cc.subject_id
AND cct2.id = cc.status_id
AND cct1.kind IN ('crew', 'crew', 'crew', 'crew', 'crew')
AND cct2.kind = 'complete+verified'
AND ci.note IN ('(writer)', '(written by)', '(writer)', '(executive producer)', '(executive producer)')
AND it1.info = 'genres'
AND it2.info = 'votes'
AND k.keyword IN ('based-on-novel', 'based-on-novel', 'based-on-novel', 'based-on-novel', 'based-on-novel')
AND mi.info IN ('UK', 'Comedy', 'Comedy', 'UK', 'Short')
AND n.gender = 'm'
AND t.production_year > 1986;",101,/*+  SeqScan(k) IndexScan(mk keyword_id_movie_keyword_1) SeqScan(cc) SeqScan(cct2) SeqScan(cct1) IndexScan(mi_idx movie_id_movie_info_idx_1) SeqScan(it2) IndexScan(mi movie_id_movie_info_1) IndexScan(t sampled_title_1_pkey) IndexScan(ci movie_id_cast_info_1) IndexScan(n sampled_name_1_pkey) SeqScan(it1) NestLoop(k mk) HashJoin(cc cct2) HashJoin(cc cct2 cct1) HashJoin(k mk cc cct2 cct1) NestLoop(k mk cc cct2 cct1 mi_idx) HashJoin(k mk cc cct2 cct1 mi_idx it2) NestLoop(k mk cc cct2 cct1 mi_idx it2 mi) NestLoop(k mk cc cct2 cct1 mi_idx it2 mi t) NestLoop(k mk cc cct2 cct1 mi_idx it2 mi t ci) NestLoop(k mk cc cct2 cct1 mi_idx it2 mi t ci n) HashJoin(k mk cc cct2 cct1 mi_idx it2 mi t ci n it1) Leading((((((((((k mk) ((cc cct2) cct1)) mi_idx) it2) mi) t) ci) n) it1)) */
"SELECT MIN(mi.info) AS movie_budget, MIN(mi_idx.info) AS movie_votes, MIN(n.name) AS writer, MIN(t.title) AS complete_violent_movie
FROM sampled_complete_cast_1 AS cc,
    sampled_comp_cast_type_1 AS cct1,
    sampled_comp_cast_type_1 AS cct2,
    sampled_cast_info_1 AS ci,
    sampled_info_type_1 AS it1,
    sampled_info_type_1 AS it2,
    sampled_keyword_1 AS k,
    sampled_movie_info_1 AS mi,
    sampled_movie_info_idx_1 AS mi_idx,
    sampled_movie_keyword_1 AS mk,
    sampled_name_1 AS n,
    sampled_title_1 AS t
WHERE t.id = mi.movie_id
AND t.id = mi_idx.movie_id
AND t.id = ci.movie_id
AND t.id = mk.movie_id
AND t.id = cc.movie_id
AND ci.movie_id = mi.movie_id
AND ci.movie_id = mi_idx.movie_id
AND ci.movie_id = mk.movie_id
AND ci.movie_id = cc.movie_id
AND mi.movie_id = mi_idx.movie_id
AND mi.movie_id = mk.movie_id
AND mi.movie_id = cc.movie_id
AND mi_idx.movie_id = mk.movie_id
AND mi_idx.movie_id = cc.movie_id
AND mk.movie_id = cc.movie_id
AND n.id = ci.person_id
AND it1.id = mi.info_type_id
AND it2.id = mi_idx.info_type_id
AND k.id = mk.keyword_id
AND cct1.id = cc.subject_id
AND cct2.id = cc.status_id
AND cct1.kind IN ('crew', 'crew', 'crew', 'crew', 'crew')
AND cct2.kind = 'complete+verified'
AND ci.note IN ('(uncredited)', '(production assistant)', '(production assistant)', '(writer)', '(executive producer)')
AND it1.info = 'genres'
AND it2.info = 'votes'
AND k.keyword IN ('female-nudity', 'female-nudity', 'female-nudity', 'female-nudity', 'female-nudity')
AND mi.info IN ('Documentary', 'Comedy', 'UK', 'UK', 'UK')
AND n.gender = 'm'
AND t.production_year > 1974;",101,/*+  SeqScan(k) IndexScan(mk keyword_id_movie_keyword_1) SeqScan(cc) SeqScan(cct2) SeqScan(cct1) IndexScan(mi_idx movie_id_movie_info_idx_1) SeqScan(it2) IndexScan(mi movie_id_movie_info_1) IndexScan(t sampled_title_1_pkey) IndexScan(ci movie_id_cast_info_1) IndexScan(n sampled_name_1_pkey) SeqScan(it1) NestLoop(k mk) HashJoin(cc cct2) HashJoin(cc cct2 cct1) HashJoin(k mk cc cct2 cct1) NestLoop(k mk cc cct2 cct1 mi_idx) HashJoin(k mk cc cct2 cct1 mi_idx it2) NestLoop(k mk cc cct2 cct1 mi_idx it2 mi) NestLoop(k mk cc cct2 cct1 mi_idx it2 mi t) NestLoop(k mk cc cct2 cct1 mi_idx it2 mi t ci) NestLoop(k mk cc cct2 cct1 mi_idx it2 mi t ci n) HashJoin(k mk cc cct2 cct1 mi_idx it2 mi t ci n it1) Leading((((((((((k mk) ((cc cct2) cct1)) mi_idx) it2) mi) t) ci) n) it1)) */
"SELECT MIN(mi.info) AS movie_budget, MIN(mi_idx.info) AS movie_votes, MIN(n.name) AS writer, MIN(t.title) AS complete_violent_movie
FROM sampled_complete_cast_1 AS cc,
    sampled_comp_cast_type_1 AS cct1,
    sampled_comp_cast_type_1 AS cct2,
    sampled_cast_info_1 AS ci,
    sampled_info_type_1 AS it1,
    sampled_info_type_1 AS it2,
    sampled_keyword_1 AS k,
    sampled_movie_info_1 AS mi,
    sampled_movie_info_idx_1 AS mi_idx,
    sampled_movie_keyword_1 AS mk,
    sampled_name_1 AS n,
    sampled_title_1 AS t
WHERE t.id = mi.movie_id
AND t.id = mi_idx.movie_id
AND t.id = ci.movie_id
AND t.id = mk.movie_id
AND t.id = cc.movie_id
AND ci.movie_id = mi.movie_id
AND ci.movie_id = mi_idx.movie_id
AND ci.movie_id = mk.movie_id
AND ci.movie_id = cc.movie_id
AND mi.movie_id = mi_idx.movie_id
AND mi.movie_id = mk.movie_id
AND mi.movie_id = cc.movie_id
AND mi_idx.movie_id = mk.movie_id
AND mi_idx.movie_id = cc.movie_id
AND mk.movie_id = cc.movie_id
AND n.id = ci.person_id
AND it1.id = mi.info_type_id
AND it2.id = mi_idx.info_type_id
AND k.id = mk.keyword_id
AND cct1.id = cc.subject_id
AND cct2.id = cc.status_id
AND cct1.kind IN ('cast', 'cast', 'cast', 'cast', 'cast')
AND cct2.kind = 'complete+verified'
AND ci.note IN ('(uncredited)', '(uncredited)', '(written by)', '(producer)', '(screenplay)')
AND it1.info = 'countries'
AND it2.info = 'votes'
AND k.keyword IN ('based-on-novel', 'based-on-novel', 'based-on-novel', 'based-on-novel', 'based-on-novel')
AND mi.info IN ('USA', 'English', 'English', '-', 'English')
AND n.gender = 'm'
AND t.production_year > 1989;",101,/*+  SeqScan(k) IndexScan(mk keyword_id_movie_keyword_1) SeqScan(cc) SeqScan(cct2) SeqScan(cct1) IndexScan(mi_idx movie_id_movie_info_idx_1) SeqScan(it2) IndexScan(mi movie_id_movie_info_1) IndexScan(t sampled_title_1_pkey) IndexScan(ci movie_id_cast_info_1) IndexScan(n sampled_name_1_pkey) SeqScan(it1) NestLoop(k mk) HashJoin(cc cct2) HashJoin(cc cct2 cct1) HashJoin(k mk cc cct2 cct1) NestLoop(k mk cc cct2 cct1 mi_idx) HashJoin(k mk cc cct2 cct1 mi_idx it2) NestLoop(k mk cc cct2 cct1 mi_idx it2 mi) NestLoop(k mk cc cct2 cct1 mi_idx it2 mi t) NestLoop(k mk cc cct2 cct1 mi_idx it2 mi t ci) NestLoop(k mk cc cct2 cct1 mi_idx it2 mi t ci n) HashJoin(k mk cc cct2 cct1 mi_idx it2 mi t ci n it1) Leading((((((((((k mk) ((cc cct2) cct1)) mi_idx) it2) mi) t) ci) n) it1)) */
"SELECT MIN(mi.info) AS movie_budget, MIN(mi_idx.info) AS movie_votes, MIN(n.name) AS writer, MIN(t.title) AS complete_violent_movie
FROM sampled_complete_cast_1 AS cc,
    sampled_comp_cast_type_1 AS cct1,
    sampled_comp_cast_type_1 AS cct2,
    sampled_cast_info_1 AS ci,
    sampled_info_type_1 AS it1,
    sampled_info_type_1 AS it2,
    sampled_keyword_1 AS k,
    sampled_movie_info_1 AS mi,
    sampled_movie_info_idx_1 AS mi_idx,
    sampled_movie_keyword_1 AS mk,
    sampled_name_1 AS n,
    sampled_title_1 AS t
WHERE t.id = mi.movie_id
AND t.id = mi_idx.movie_id
AND t.id = ci.movie_id
AND t.id = mk.movie_id
AND t.id = cc.movie_id
AND ci.movie_id = mi.movie_id
AND ci.movie_id = mi_idx.movie_id
AND ci.movie_id = mk.movie_id
AND ci.movie_id = cc.movie_id
AND mi.movie_id = mi_idx.movie_id
AND mi.movie_id = mk.movie_id
AND mi.movie_id = cc.movie_id
AND mi_idx.movie_id = mk.movie_id
AND mi_idx.movie_id = cc.movie_id
AND mk.movie_id = cc.movie_id
AND n.id = ci.person_id
AND it1.id = mi.info_type_id
AND it2.id = mi_idx.info_type_id
AND k.id = mk.keyword_id
AND cct1.id = cc.subject_id
AND cct2.id = cc.status_id
AND cct1.kind IN ('crew', 'crew', 'crew', 'crew', 'crew')
AND cct2.kind = 'complete+verified'
AND ci.note IN ('(story)', '(director of photography)', '(location manager)', '(director of photography)', '(voice)')
AND it1.info = 'genres'
AND it2.info = 'votes distribution'
AND k.keyword IN ('based-on-novel', 'based-on-novel', 'based-on-novel', 'based-on-novel', 'based-on-novel')
AND mi.info IN ('Drama', 'Drama', 'Drama', 'Drama', 'RAT:1.33 : 1')
AND n.gender = 'm'
AND t.production_year > 1990;",101,/*+  SeqScan(k) IndexScan(mk keyword_id_movie_keyword_1) SeqScan(cc) SeqScan(cct2) SeqScan(cct1) IndexScan(mi_idx movie_id_movie_info_idx_1) SeqScan(it2) IndexScan(mi movie_id_movie_info_1) IndexScan(t sampled_title_1_pkey) IndexScan(ci movie_id_cast_info_1) IndexScan(n sampled_name_1_pkey) SeqScan(it1) NestLoop(k mk) HashJoin(cc cct2) HashJoin(cc cct2 cct1) HashJoin(k mk cc cct2 cct1) NestLoop(k mk cc cct2 cct1 mi_idx) HashJoin(k mk cc cct2 cct1 mi_idx it2) NestLoop(k mk cc cct2 cct1 mi_idx it2 mi) NestLoop(k mk cc cct2 cct1 mi_idx it2 mi t) NestLoop(k mk cc cct2 cct1 mi_idx it2 mi t ci) NestLoop(k mk cc cct2 cct1 mi_idx it2 mi t ci n) HashJoin(k mk cc cct2 cct1 mi_idx it2 mi t ci n it1) Leading((((((((((k mk) ((cc cct2) cct1)) mi_idx) it2) mi) t) ci) n) it1)) */
"SELECT MIN(mi.info) AS movie_budget, MIN(mi_idx.info) AS movie_votes, MIN(n.name) AS writer, MIN(t.title) AS complete_violent_movie
FROM sampled_complete_cast_1 AS cc,
    sampled_comp_cast_type_1 AS cct1,
    sampled_comp_cast_type_1 AS cct2,
    sampled_cast_info_1 AS ci,
    sampled_info_type_1 AS it1,
    sampled_info_type_1 AS it2,
    sampled_keyword_1 AS k,
    sampled_movie_info_1 AS mi,
    sampled_movie_info_idx_1 AS mi_idx,
    sampled_movie_keyword_1 AS mk,
    sampled_name_1 AS n,
    sampled_title_1 AS t
WHERE t.id = mi.movie_id
AND t.id = mi_idx.movie_id
AND t.id = ci.movie_id
AND t.id = mk.movie_id
AND t.id = cc.movie_id
AND ci.movie_id = mi.movie_id
AND ci.movie_id = mi_idx.movie_id
AND ci.movie_id = mk.movie_id
AND ci.movie_id = cc.movie_id
AND mi.movie_id = mi_idx.movie_id
AND mi.movie_id = mk.movie_id
AND mi.movie_id = cc.movie_id
AND mi_idx.movie_id = mk.movie_id
AND mi_idx.movie_id = cc.movie_id
AND mk.movie_id = cc.movie_id
AND n.id = ci.person_id
AND it1.id = mi.info_type_id
AND it2.id = mi_idx.info_type_id
AND k.id = mk.keyword_id
AND cct1.id = cc.subject_id
AND cct2.id = cc.status_id
AND cct1.kind IN ('cast', 'cast', 'cast', 'cast', 'cast')
AND cct2.kind = 'complete+verified'
AND ci.note IN ('(location manager)', '(co-producer)', '(voice)', '(voice)', '(associate producer)')
AND it1.info = 'genres'
AND it2.info = 'rating'
AND k.keyword IN ('murder', 'murder', 'murder', 'murder', 'murder')
AND mi.info IN ('Drama', 'Drama', 'Drama', 'Drama', 'Drama')
AND n.gender = 'm'
AND t.production_year > 1971;",101,/*+  SeqScan(k) IndexScan(mk keyword_id_movie_keyword_1) SeqScan(cc) SeqScan(cct2) SeqScan(cct1) IndexScan(mi_idx movie_id_movie_info_idx_1) SeqScan(it2) IndexScan(mi movie_id_movie_info_1) IndexScan(t sampled_title_1_pkey) IndexScan(ci movie_id_cast_info_1) IndexScan(n sampled_name_1_pkey) SeqScan(it1) NestLoop(k mk) HashJoin(cc cct2) HashJoin(cc cct2 cct1) HashJoin(k mk cc cct2 cct1) NestLoop(k mk cc cct2 cct1 mi_idx) HashJoin(k mk cc cct2 cct1 mi_idx it2) NestLoop(k mk cc cct2 cct1 mi_idx it2 mi) NestLoop(k mk cc cct2 cct1 mi_idx it2 mi t) NestLoop(k mk cc cct2 cct1 mi_idx it2 mi t ci) NestLoop(k mk cc cct2 cct1 mi_idx it2 mi t ci n) HashJoin(k mk cc cct2 cct1 mi_idx it2 mi t ci n it1) Leading((((((((((k mk) ((cc cct2) cct1)) mi_idx) it2) mi) t) ci) n) it1)) */
"SELECT MIN(mi.info) AS movie_budget, MIN(mi_idx.info) AS movie_votes, MIN(n.name) AS writer, MIN(t.title) AS complete_violent_movie
FROM sampled_complete_cast_1 AS cc,
    sampled_comp_cast_type_1 AS cct1,
    sampled_comp_cast_type_1 AS cct2,
    sampled_cast_info_1 AS ci,
    sampled_info_type_1 AS it1,
    sampled_info_type_1 AS it2,
    sampled_keyword_1 AS k,
    sampled_movie_info_1 AS mi,
    sampled_movie_info_idx_1 AS mi_idx,
    sampled_movie_keyword_1 AS mk,
    sampled_name_1 AS n,
    sampled_title_1 AS t
WHERE t.id = mi.movie_id
AND t.id = mi_idx.movie_id
AND t.id = ci.movie_id
AND t.id = mk.movie_id
AND t.id = cc.movie_id
AND ci.movie_id = mi.movie_id
AND ci.movie_id = mi_idx.movie_id
AND ci.movie_id = mk.movie_id
AND ci.movie_id = cc.movie_id
AND mi.movie_id = mi_idx.movie_id
AND mi.movie_id = mk.movie_id
AND mi.movie_id = cc.movie_id
AND mi_idx.movie_id = mk.movie_id
AND mi_idx.movie_id = cc.movie_id
AND mk.movie_id = cc.movie_id
AND n.id = ci.person_id
AND it1.id = mi.info_type_id
AND it2.id = mi_idx.info_type_id
AND k.id = mk.keyword_id
AND cct1.id = cc.subject_id
AND cct2.id = cc.status_id
AND cct1.kind IN ('crew', 'crew', 'crew', 'crew', 'crew')
AND cct2.kind = 'complete+verified'
AND ci.note IN ('(producer)', '(uncredited)', '(uncredited)', '(producer)', '(producer)')
AND it1.info = 'genres'
AND it2.info = 'top 250 rank'
AND k.keyword IN ('based-on-novel', 'based-on-novel', 'based-on-novel', 'based-on-novel', 'based-on-novel')
AND mi.info IN ('CLV', 'Comedy', 'Movie', 'Dolby Surround', 'PCS:Spherical')
AND n.gender = 'm'
AND t.production_year > 1977;",101,/*+  SeqScan(k) IndexScan(mk keyword_id_movie_keyword_1) SeqScan(cc) SeqScan(cct2) SeqScan(cct1) IndexScan(mi_idx movie_id_movie_info_idx_1) SeqScan(it2) IndexScan(mi movie_id_movie_info_1) IndexScan(t sampled_title_1_pkey) IndexScan(ci movie_id_cast_info_1) IndexScan(n sampled_name_1_pkey) SeqScan(it1) NestLoop(k mk) HashJoin(cc cct2) HashJoin(cc cct2 cct1) HashJoin(k mk cc cct2 cct1) NestLoop(k mk cc cct2 cct1 mi_idx) HashJoin(k mk cc cct2 cct1 mi_idx it2) NestLoop(k mk cc cct2 cct1 mi_idx it2 mi) NestLoop(k mk cc cct2 cct1 mi_idx it2 mi t) NestLoop(k mk cc cct2 cct1 mi_idx it2 mi t ci) NestLoop(k mk cc cct2 cct1 mi_idx it2 mi t ci n) HashJoin(k mk cc cct2 cct1 mi_idx it2 mi t ci n it1) Leading((((((((((k mk) ((cc cct2) cct1)) mi_idx) it2) mi) t) ci) n) it1)) */
"SELECT MIN(mi.info) AS movie_budget, MIN(mi_idx.info) AS movie_votes, MIN(n.name) AS writer, MIN(t.title) AS complete_violent_movie
FROM sampled_complete_cast_1 AS cc,
    sampled_comp_cast_type_1 AS cct1,
    sampled_comp_cast_type_1 AS cct2,
    sampled_cast_info_1 AS ci,
    sampled_info_type_1 AS it1,
    sampled_info_type_1 AS it2,
    sampled_keyword_1 AS k,
    sampled_movie_info_1 AS mi,
    sampled_movie_info_idx_1 AS mi_idx,
    sampled_movie_keyword_1 AS mk,
    sampled_name_1 AS n,
    sampled_title_1 AS t
WHERE t.id = mi.movie_id
AND t.id = mi_idx.movie_id
AND t.id = ci.movie_id
AND t.id = mk.movie_id
AND t.id = cc.movie_id
AND ci.movie_id = mi.movie_id
AND ci.movie_id = mi_idx.movie_id
AND ci.movie_id = mk.movie_id
AND ci.movie_id = cc.movie_id
AND mi.movie_id = mi_idx.movie_id
AND mi.movie_id = mk.movie_id
AND mi.movie_id = cc.movie_id
AND mi_idx.movie_id = mk.movie_id
AND mi_idx.movie_id = cc.movie_id
AND mk.movie_id = cc.movie_id
AND n.id = ci.person_id
AND it1.id = mi.info_type_id
AND it2.id = mi_idx.info_type_id
AND k.id = mk.keyword_id
AND cct1.id = cc.subject_id
AND cct2.id = cc.status_id
AND cct1.kind IN ('crew', 'crew', 'crew', 'crew', 'crew')
AND cct2.kind = 'complete'
AND ci.note IN ('(producer)', '(voice)', '(producer)', '(producer)', '(voice)')
AND it1.info = 'countries'
AND it2.info = 'votes'
AND k.keyword IN ('hardcore', 'hardcore', 'hardcore', 'hardcore', 'hardcore')
AND mi.info IN ('USA', 'USA', 'USA', 'USA', 'USA')
AND n.gender = 'm'
AND t.production_year > 1976;",101,/*+  SeqScan(k) IndexScan(mk keyword_id_movie_keyword_1) SeqScan(cc) SeqScan(cct2) SeqScan(cct1) IndexScan(mi_idx movie_id_movie_info_idx_1) SeqScan(it2) IndexScan(mi movie_id_movie_info_1) IndexScan(t sampled_title_1_pkey) IndexScan(ci movie_id_cast_info_1) IndexScan(n sampled_name_1_pkey) SeqScan(it1) NestLoop(k mk) HashJoin(cc cct2) HashJoin(cc cct2 cct1) HashJoin(k mk cc cct2 cct1) NestLoop(k mk cc cct2 cct1 mi_idx) HashJoin(k mk cc cct2 cct1 mi_idx it2) NestLoop(k mk cc cct2 cct1 mi_idx it2 mi) NestLoop(k mk cc cct2 cct1 mi_idx it2 mi t) NestLoop(k mk cc cct2 cct1 mi_idx it2 mi t ci) NestLoop(k mk cc cct2 cct1 mi_idx it2 mi t ci n) HashJoin(k mk cc cct2 cct1 mi_idx it2 mi t ci n it1) Leading((((((((((k mk) ((cc cct2) cct1)) mi_idx) it2) mi) t) ci) n) it1)) */
"SELECT MIN(mi.info) AS movie_budget, MIN(mi_idx.info) AS movie_votes, MIN(n.name) AS writer, MIN(t.title) AS complete_violent_movie
FROM sampled_complete_cast_1 AS cc,
    sampled_comp_cast_type_1 AS cct1,
    sampled_comp_cast_type_1 AS cct2,
    sampled_cast_info_1 AS ci,
    sampled_info_type_1 AS it1,
    sampled_info_type_1 AS it2,
    sampled_keyword_1 AS k,
    sampled_movie_info_1 AS mi,
    sampled_movie_info_idx_1 AS mi_idx,
    sampled_movie_keyword_1 AS mk,
    sampled_name_1 AS n,
    sampled_title_1 AS t
WHERE t.id = mi.movie_id
AND t.id = mi_idx.movie_id
AND t.id = ci.movie_id
AND t.id = mk.movie_id
AND t.id = cc.movie_id
AND ci.movie_id = mi.movie_id
AND ci.movie_id = mi_idx.movie_id
AND ci.movie_id = mk.movie_id
AND ci.movie_id = cc.movie_id
AND mi.movie_id = mi_idx.movie_id
AND mi.movie_id = mk.movie_id
AND mi.movie_id = cc.movie_id
AND mi_idx.movie_id = mk.movie_id
AND mi_idx.movie_id = cc.movie_id
AND mk.movie_id = cc.movie_id
AND n.id = ci.person_id
AND it1.id = mi.info_type_id
AND it2.id = mi_idx.info_type_id
AND k.id = mk.keyword_id
AND cct1.id = cc.subject_id
AND cct2.id = cc.status_id
AND cct1.kind IN ('crew', 'crew', 'crew', 'crew', 'crew')
AND cct2.kind = 'complete'
AND ci.note IN ('(voice)', '(voice)', '(voice)', '(voice)', '(voice)')
AND it1.info = 'genres'
AND it2.info = 'votes'
AND k.keyword IN ('sex', 'sex', 'sex', 'sex', 'sex')
AND mi.info IN ('Drama', 'Drama', 'Comedy', 'Drama', 'Comedy')
AND n.gender = 'm'
AND t.production_year > 1986;",101,/*+  SeqScan(k) IndexScan(mk keyword_id_movie_keyword_1) SeqScan(cc) SeqScan(cct2) SeqScan(cct1) IndexScan(mi_idx movie_id_movie_info_idx_1) SeqScan(it2) IndexScan(mi movie_id_movie_info_1) IndexScan(t sampled_title_1_pkey) IndexScan(ci movie_id_cast_info_1) IndexScan(n sampled_name_1_pkey) SeqScan(it1) NestLoop(k mk) HashJoin(cc cct2) HashJoin(cc cct2 cct1) HashJoin(k mk cc cct2 cct1) NestLoop(k mk cc cct2 cct1 mi_idx) HashJoin(k mk cc cct2 cct1 mi_idx it2) NestLoop(k mk cc cct2 cct1 mi_idx it2 mi) NestLoop(k mk cc cct2 cct1 mi_idx it2 mi t) NestLoop(k mk cc cct2 cct1 mi_idx it2 mi t ci) NestLoop(k mk cc cct2 cct1 mi_idx it2 mi t ci n) HashJoin(k mk cc cct2 cct1 mi_idx it2 mi t ci n it1) Leading((((((((((k mk) ((cc cct2) cct1)) mi_idx) it2) mi) t) ci) n) it1)) */
"SELECT MIN(mi.info) AS movie_budget, MIN(mi_idx.info) AS movie_votes, MIN(n.name) AS writer, MIN(t.title) AS complete_violent_movie
FROM sampled_complete_cast_1 AS cc,
    sampled_comp_cast_type_1 AS cct1,
    sampled_comp_cast_type_1 AS cct2,
    sampled_cast_info_1 AS ci,
    sampled_info_type_1 AS it1,
    sampled_info_type_1 AS it2,
    sampled_keyword_1 AS k,
    sampled_movie_info_1 AS mi,
    sampled_movie_info_idx_1 AS mi_idx,
    sampled_movie_keyword_1 AS mk,
    sampled_name_1 AS n,
    sampled_title_1 AS t
WHERE t.id = mi.movie_id
AND t.id = mi_idx.movie_id
AND t.id = ci.movie_id
AND t.id = mk.movie_id
AND t.id = cc.movie_id
AND ci.movie_id = mi.movie_id
AND ci.movie_id = mi_idx.movie_id
AND ci.movie_id = mk.movie_id
AND ci.movie_id = cc.movie_id
AND mi.movie_id = mi_idx.movie_id
AND mi.movie_id = mk.movie_id
AND mi.movie_id = cc.movie_id
AND mi_idx.movie_id = mk.movie_id
AND mi_idx.movie_id = cc.movie_id
AND mk.movie_id = cc.movie_id
AND n.id = ci.person_id
AND it1.id = mi.info_type_id
AND it2.id = mi_idx.info_type_id
AND k.id = mk.keyword_id
AND cct1.id = cc.subject_id
AND cct2.id = cc.status_id
AND cct1.kind IN ('crew', 'crew', 'crew', 'crew', 'crew')
AND cct2.kind = 'complete+verified'
AND ci.note IN ('(screenplay)', '(screenplay)', '(archive footage)', '(associate producer)', '(associate producer)')
AND it1.info = 'countries'
AND it2.info = 'top 250 rank'
AND k.keyword IN ('death', 'friendship', 'husband-wife-relationship', 'arcade-game', 'cult-film')
AND mi.info IN ('PFM:35 mm', 'Drama', 'PFM:35 mm', 'USA', 'Drama')
AND n.gender = 'm'
AND t.production_year > 1970;",101,/*+  SeqScan(k) IndexScan(mk keyword_id_movie_keyword_1) SeqScan(cc) SeqScan(cct2) SeqScan(cct1) IndexScan(mi_idx movie_id_movie_info_idx_1) SeqScan(it2) IndexScan(mi movie_id_movie_info_1) IndexScan(t sampled_title_1_pkey) IndexScan(ci movie_id_cast_info_1) IndexScan(n sampled_name_1_pkey) SeqScan(it1) NestLoop(k mk) HashJoin(cc cct2) HashJoin(cc cct2 cct1) HashJoin(k mk cc cct2 cct1) NestLoop(k mk cc cct2 cct1 mi_idx) HashJoin(k mk cc cct2 cct1 mi_idx it2) NestLoop(k mk cc cct2 cct1 mi_idx it2 mi) NestLoop(k mk cc cct2 cct1 mi_idx it2 mi t) NestLoop(k mk cc cct2 cct1 mi_idx it2 mi t ci) NestLoop(k mk cc cct2 cct1 mi_idx it2 mi t ci n) HashJoin(k mk cc cct2 cct1 mi_idx it2 mi t ci n it1) Leading((((((((((k mk) ((cc cct2) cct1)) mi_idx) it2) mi) t) ci) n) it1)) */
"SELECT MIN(mi.info) AS movie_budget, MIN(mi_idx.info) AS movie_votes, MIN(n.name) AS writer, MIN(t.title) AS complete_violent_movie
FROM sampled_complete_cast_1 AS cc,
    sampled_comp_cast_type_1 AS cct1,
    sampled_comp_cast_type_1 AS cct2,
    sampled_cast_info_1 AS ci,
    sampled_info_type_1 AS it1,
    sampled_info_type_1 AS it2,
    sampled_keyword_1 AS k,
    sampled_movie_info_1 AS mi,
    sampled_movie_info_idx_1 AS mi_idx,
    sampled_movie_keyword_1 AS mk,
    sampled_name_1 AS n,
    sampled_title_1 AS t
WHERE t.id = mi.movie_id
AND t.id = mi_idx.movie_id
AND t.id = ci.movie_id
AND t.id = mk.movie_id
AND t.id = cc.movie_id
AND ci.movie_id = mi.movie_id
AND ci.movie_id = mi_idx.movie_id
AND ci.movie_id = mk.movie_id
AND ci.movie_id = cc.movie_id
AND mi.movie_id = mi_idx.movie_id
AND mi.movie_id = mk.movie_id
AND mi.movie_id = cc.movie_id
AND mi_idx.movie_id = mk.movie_id
AND mi_idx.movie_id = cc.movie_id
AND mk.movie_id = cc.movie_id
AND n.id = ci.person_id
AND it1.id = mi.info_type_id
AND it2.id = mi_idx.info_type_id
AND k.id = mk.keyword_id
AND cct1.id = cc.subject_id
AND cct2.id = cc.status_id
AND cct1.kind IN ('cast', 'cast', 'cast', 'cast', 'cast')
AND cct2.kind = 'complete+verified'
AND ci.note IN ('(voice)', '(written by)', '(story)', '(uncredited)', '(screenplay)')
AND it1.info = 'countries'
AND it2.info = 'votes'
AND k.keyword IN ('independent-film', 'independent-film', 'character-name-in-title', 'independent-film', 'independent-film')
AND mi.info IN ('USA', 'USA', 'USA', 'USA', 'USA')
AND n.gender = 'm'
AND t.production_year > 1989;",101,/*+  SeqScan(k) IndexScan(mk keyword_id_movie_keyword_1) SeqScan(cc) SeqScan(cct2) SeqScan(cct1) IndexScan(mi_idx movie_id_movie_info_idx_1) SeqScan(it2) IndexScan(mi movie_id_movie_info_1) IndexScan(t sampled_title_1_pkey) IndexScan(ci movie_id_cast_info_1) IndexScan(n sampled_name_1_pkey) SeqScan(it1) NestLoop(k mk) HashJoin(cc cct2) HashJoin(cc cct2 cct1) HashJoin(k mk cc cct2 cct1) NestLoop(k mk cc cct2 cct1 mi_idx) HashJoin(k mk cc cct2 cct1 mi_idx it2) NestLoop(k mk cc cct2 cct1 mi_idx it2 mi) NestLoop(k mk cc cct2 cct1 mi_idx it2 mi t) NestLoop(k mk cc cct2 cct1 mi_idx it2 mi t ci) NestLoop(k mk cc cct2 cct1 mi_idx it2 mi t ci n) HashJoin(k mk cc cct2 cct1 mi_idx it2 mi t ci n it1) Leading((((((((((k mk) ((cc cct2) cct1)) mi_idx) it2) mi) t) ci) n) it1)) */
"SELECT MIN(mi.info) AS movie_budget, MIN(mi_idx.info) AS movie_votes, MIN(n.name) AS writer, MIN(t.title) AS complete_violent_movie
FROM sampled_complete_cast_1 AS cc,
    sampled_comp_cast_type_1 AS cct1,
    sampled_comp_cast_type_1 AS cct2,
    sampled_cast_info_1 AS ci,
    sampled_info_type_1 AS it1,
    sampled_info_type_1 AS it2,
    sampled_keyword_1 AS k,
    sampled_movie_info_1 AS mi,
    sampled_movie_info_idx_1 AS mi_idx,
    sampled_movie_keyword_1 AS mk,
    sampled_name_1 AS n,
    sampled_title_1 AS t
WHERE t.id = mi.movie_id
AND t.id = mi_idx.movie_id
AND t.id = ci.movie_id
AND t.id = mk.movie_id
AND t.id = cc.movie_id
AND ci.movie_id = mi.movie_id
AND ci.movie_id = mi_idx.movie_id
AND ci.movie_id = mk.movie_id
AND ci.movie_id = cc.movie_id
AND mi.movie_id = mi_idx.movie_id
AND mi.movie_id = mk.movie_id
AND mi.movie_id = cc.movie_id
AND mi_idx.movie_id = mk.movie_id
AND mi_idx.movie_id = cc.movie_id
AND mk.movie_id = cc.movie_id
AND n.id = ci.person_id
AND it1.id = mi.info_type_id
AND it2.id = mi_idx.info_type_id
AND k.id = mk.keyword_id
AND cct1.id = cc.subject_id
AND cct2.id = cc.status_id
AND cct1.kind IN ('cast', 'cast', 'cast', 'cast', 'cast')
AND cct2.kind = 'complete'
AND ci.note IN ('(uncredited)', '(uncredited)', '(uncredited)', '(uncredited)', '(uncredited)')
AND it1.info = 'genres'
AND it2.info = 'votes'
AND k.keyword IN ('sex', 'sex', 'sex', 'sex', 'sex')
AND mi.info IN ('Drama', 'Drama', 'Drama', 'Comedy', 'Drama')
AND n.gender = 'm'
AND t.production_year > 1979;",101,/*+  SeqScan(k) IndexScan(mk keyword_id_movie_keyword_1) SeqScan(cc) SeqScan(cct2) SeqScan(cct1) IndexScan(mi_idx movie_id_movie_info_idx_1) SeqScan(it2) IndexScan(mi movie_id_movie_info_1) IndexScan(t sampled_title_1_pkey) IndexScan(ci movie_id_cast_info_1) IndexScan(n sampled_name_1_pkey) SeqScan(it1) NestLoop(k mk) HashJoin(cc cct2) HashJoin(cc cct2 cct1) HashJoin(k mk cc cct2 cct1) NestLoop(k mk cc cct2 cct1 mi_idx) HashJoin(k mk cc cct2 cct1 mi_idx it2) NestLoop(k mk cc cct2 cct1 mi_idx it2 mi) NestLoop(k mk cc cct2 cct1 mi_idx it2 mi t) NestLoop(k mk cc cct2 cct1 mi_idx it2 mi t ci) NestLoop(k mk cc cct2 cct1 mi_idx it2 mi t ci n) HashJoin(k mk cc cct2 cct1 mi_idx it2 mi t ci n it1) Leading((((((((((k mk) ((cc cct2) cct1)) mi_idx) it2) mi) t) ci) n) it1)) */
"SELECT MIN(mi.info) AS movie_budget, MIN(mi_idx.info) AS movie_votes, MIN(n.name) AS writer, MIN(t.title) AS complete_violent_movie
FROM sampled_complete_cast_1 AS cc,
    sampled_comp_cast_type_1 AS cct1,
    sampled_comp_cast_type_1 AS cct2,
    sampled_cast_info_1 AS ci,
    sampled_info_type_1 AS it1,
    sampled_info_type_1 AS it2,
    sampled_keyword_1 AS k,
    sampled_movie_info_1 AS mi,
    sampled_movie_info_idx_1 AS mi_idx,
    sampled_movie_keyword_1 AS mk,
    sampled_name_1 AS n,
    sampled_title_1 AS t
WHERE t.id = mi.movie_id
AND t.id = mi_idx.movie_id
AND t.id = ci.movie_id
AND t.id = mk.movie_id
AND t.id = cc.movie_id
AND ci.movie_id = mi.movie_id
AND ci.movie_id = mi_idx.movie_id
AND ci.movie_id = mk.movie_id
AND ci.movie_id = cc.movie_id
AND mi.movie_id = mi_idx.movie_id
AND mi.movie_id = mk.movie_id
AND mi.movie_id = cc.movie_id
AND mi_idx.movie_id = mk.movie_id
AND mi_idx.movie_id = cc.movie_id
AND mk.movie_id = cc.movie_id
AND n.id = ci.person_id
AND it1.id = mi.info_type_id
AND it2.id = mi_idx.info_type_id
AND k.id = mk.keyword_id
AND cct1.id = cc.subject_id
AND cct2.id = cc.status_id
AND cct1.kind IN ('cast', 'cast', 'cast', 'cast', 'cast')
AND cct2.kind = 'complete+verified'
AND ci.note IN ('(executive producer)', '(writer)', '(executive producer)', '(voice)', '(executive producer)')
AND it1.info = 'countries'
AND it2.info = 'rating'
AND k.keyword IN ('hardcore', 'hardcore', 'hardcore', 'hardcore', 'hardcore')
AND mi.info IN ('Color', 'USA', 'Mono', 'USA', 'Mono')
AND n.gender = 'm'
AND t.production_year > 1968;",101,/*+  SeqScan(k) IndexScan(mk keyword_id_movie_keyword_1) SeqScan(cc) SeqScan(cct2) SeqScan(cct1) IndexScan(mi_idx movie_id_movie_info_idx_1) SeqScan(it2) IndexScan(mi movie_id_movie_info_1) IndexScan(t sampled_title_1_pkey) IndexScan(ci movie_id_cast_info_1) IndexScan(n sampled_name_1_pkey) SeqScan(it1) NestLoop(k mk) HashJoin(cc cct2) HashJoin(cc cct2 cct1) HashJoin(k mk cc cct2 cct1) NestLoop(k mk cc cct2 cct1 mi_idx) HashJoin(k mk cc cct2 cct1 mi_idx it2) NestLoop(k mk cc cct2 cct1 mi_idx it2 mi) NestLoop(k mk cc cct2 cct1 mi_idx it2 mi t) NestLoop(k mk cc cct2 cct1 mi_idx it2 mi t ci) NestLoop(k mk cc cct2 cct1 mi_idx it2 mi t ci n) HashJoin(k mk cc cct2 cct1 mi_idx it2 mi t ci n it1) Leading((((((((((k mk) ((cc cct2) cct1)) mi_idx) it2) mi) t) ci) n) it1)) */
"SELECT MIN(mi.info) AS movie_budget, MIN(mi_idx.info) AS movie_votes, MIN(n.name) AS writer, MIN(t.title) AS complete_violent_movie
FROM sampled_complete_cast_1 AS cc,
    sampled_comp_cast_type_1 AS cct1,
    sampled_comp_cast_type_1 AS cct2,
    sampled_cast_info_1 AS ci,
    sampled_info_type_1 AS it1,
    sampled_info_type_1 AS it2,
    sampled_keyword_1 AS k,
    sampled_movie_info_1 AS mi,
    sampled_movie_info_idx_1 AS mi_idx,
    sampled_movie_keyword_1 AS mk,
    sampled_name_1 AS n,
    sampled_title_1 AS t
WHERE t.id = mi.movie_id
AND t.id = mi_idx.movie_id
AND t.id = ci.movie_id
AND t.id = mk.movie_id
AND t.id = cc.movie_id
AND ci.movie_id = mi.movie_id
AND ci.movie_id = mi_idx.movie_id
AND ci.movie_id = mk.movie_id
AND ci.movie_id = cc.movie_id
AND mi.movie_id = mi_idx.movie_id
AND mi.movie_id = mk.movie_id
AND mi.movie_id = cc.movie_id
AND mi_idx.movie_id = mk.movie_id
AND mi_idx.movie_id = cc.movie_id
AND mk.movie_id = cc.movie_id
AND n.id = ci.person_id
AND it1.id = mi.info_type_id
AND it2.id = mi_idx.info_type_id
AND k.id = mk.keyword_id
AND cct1.id = cc.subject_id
AND cct2.id = cc.status_id
AND cct1.kind IN ('cast', 'cast', 'cast', 'cast', 'cast')
AND cct2.kind = 'complete'
AND ci.note IN ('(uncredited)', '(producer)', '(uncredited)', '(uncredited)', '(uncredited)')
AND it1.info = 'release dates'
AND it2.info = 'votes distribution'
AND k.keyword IN ('independent-film', 'independent-film', 'independent-film', 'character-name-in-title', 'character-name-in-title')
AND mi.info IN ('The Faraday family is divided into two distinct parts. One part is headed by Ben Faraday who is quite rich while the other part, which includes Evelyn Faraday, has nothing other that the jobs the somewhat demanding Ben has given them in his shipping and cruise line business. One of Ben Faraday''s direct ancestors had saved the son of the Malayan king and as a reward was given exclusive shipping rights to the Kingdom. Evelyn''s fiancÃ© Philip Andrews is convinced that she and the others on her side of the family were cheated and his inquiries led Ben Faraday to fire him but he hasn''t given up his quest. He and Evelyn seeks Perry Mason''s advice on the issue. When Ben is killed however, Philip is charged with murder. For Perry to successfully defend him, they will need to locate a rare Malayan commemorative medal that depicts the face of the Faraday who saved the King''s son.', 'Fukui, Japan', 'Norway:30 September 1987', 'Philip Marlowe: Hollywood is the kind of town where they stick a knife in your back and then have you arrested for carrying a concealed weapon.::Philip Marlowe: Usually it''s so quiet in Beverly Hills you can hear the scratch of a fountain pen on a movie contract three mansions away.::Philip Marlowe: Suddenly I felt like I was taking a trip down a sewer in a glass-bottom boat.', 'West Germany:March 1988')
AND n.gender = 'm'
AND t.production_year > 1973;",101,/*+  SeqScan(k) IndexScan(mk keyword_id_movie_keyword_1) SeqScan(cc) SeqScan(cct2) SeqScan(cct1) IndexScan(mi_idx movie_id_movie_info_idx_1) SeqScan(it2) IndexScan(mi movie_id_movie_info_1) IndexScan(t sampled_title_1_pkey) IndexScan(ci movie_id_cast_info_1) IndexScan(n sampled_name_1_pkey) SeqScan(it1) NestLoop(k mk) HashJoin(cc cct2) HashJoin(cc cct2 cct1) HashJoin(k mk cc cct2 cct1) NestLoop(k mk cc cct2 cct1 mi_idx) HashJoin(k mk cc cct2 cct1 mi_idx it2) NestLoop(k mk cc cct2 cct1 mi_idx it2 mi) NestLoop(k mk cc cct2 cct1 mi_idx it2 mi t) NestLoop(k mk cc cct2 cct1 mi_idx it2 mi t ci) NestLoop(k mk cc cct2 cct1 mi_idx it2 mi t ci n) HashJoin(k mk cc cct2 cct1 mi_idx it2 mi t ci n it1) Leading((((((((((k mk) ((cc cct2) cct1)) mi_idx) it2) mi) t) ci) n) it1)) */
"SELECT MIN(mi.info) AS movie_budget, MIN(mi_idx.info) AS movie_votes, MIN(n.name) AS writer, MIN(t.title) AS complete_violent_movie
FROM sampled_complete_cast_1 AS cc,
    sampled_comp_cast_type_1 AS cct1,
    sampled_comp_cast_type_1 AS cct2,
    sampled_cast_info_1 AS ci,
    sampled_info_type_1 AS it1,
    sampled_info_type_1 AS it2,
    sampled_keyword_1 AS k,
    sampled_movie_info_1 AS mi,
    sampled_movie_info_idx_1 AS mi_idx,
    sampled_movie_keyword_1 AS mk,
    sampled_name_1 AS n,
    sampled_title_1 AS t
WHERE t.id = mi.movie_id
AND t.id = mi_idx.movie_id
AND t.id = ci.movie_id
AND t.id = mk.movie_id
AND t.id = cc.movie_id
AND ci.movie_id = mi.movie_id
AND ci.movie_id = mi_idx.movie_id
AND ci.movie_id = mk.movie_id
AND ci.movie_id = cc.movie_id
AND mi.movie_id = mi_idx.movie_id
AND mi.movie_id = mk.movie_id
AND mi.movie_id = cc.movie_id
AND mi_idx.movie_id = mk.movie_id
AND mi_idx.movie_id = cc.movie_id
AND mk.movie_id = cc.movie_id
AND n.id = ci.person_id
AND it1.id = mi.info_type_id
AND it2.id = mi_idx.info_type_id
AND k.id = mk.keyword_id
AND cct1.id = cc.subject_id
AND cct2.id = cc.status_id
AND cct1.kind IN ('crew', 'crew', 'crew', 'crew', 'crew')
AND cct2.kind = 'complete'
AND ci.note IN ('(executive producer)', '(executive producer)', '(production assistant)', '(production assistant)', '(executive producer)')
AND it1.info = 'countries'
AND it2.info = 'votes distribution'
AND k.keyword IN ('based-on-novel', 'based-on-novel', 'based-on-novel', 'based-on-novel', 'based-on-novel')
AND mi.info IN ('English', 'USA', '-', '-', '-')
AND n.gender = 'm'
AND t.production_year > 1983;",101,/*+  SeqScan(k) IndexScan(mk keyword_id_movie_keyword_1) SeqScan(cc) SeqScan(cct2) SeqScan(cct1) IndexScan(mi_idx movie_id_movie_info_idx_1) SeqScan(it2) IndexScan(mi movie_id_movie_info_1) IndexScan(t sampled_title_1_pkey) IndexScan(ci movie_id_cast_info_1) IndexScan(n sampled_name_1_pkey) SeqScan(it1) NestLoop(k mk) HashJoin(cc cct2) HashJoin(cc cct2 cct1) HashJoin(k mk cc cct2 cct1) NestLoop(k mk cc cct2 cct1 mi_idx) HashJoin(k mk cc cct2 cct1 mi_idx it2) NestLoop(k mk cc cct2 cct1 mi_idx it2 mi) NestLoop(k mk cc cct2 cct1 mi_idx it2 mi t) NestLoop(k mk cc cct2 cct1 mi_idx it2 mi t ci) NestLoop(k mk cc cct2 cct1 mi_idx it2 mi t ci n) HashJoin(k mk cc cct2 cct1 mi_idx it2 mi t ci n it1) Leading((((((((((k mk) ((cc cct2) cct1)) mi_idx) it2) mi) t) ci) n) it1)) */
"SELECT MIN(mi.info) AS movie_budget, MIN(mi_idx.info) AS movie_votes, MIN(n.name) AS writer, MIN(t.title) AS complete_violent_movie
FROM sampled_complete_cast_1 AS cc,
    sampled_comp_cast_type_1 AS cct1,
    sampled_comp_cast_type_1 AS cct2,
    sampled_cast_info_1 AS ci,
    sampled_info_type_1 AS it1,
    sampled_info_type_1 AS it2,
    sampled_keyword_1 AS k,
    sampled_movie_info_1 AS mi,
    sampled_movie_info_idx_1 AS mi_idx,
    sampled_movie_keyword_1 AS mk,
    sampled_name_1 AS n,
    sampled_title_1 AS t
WHERE t.id = mi.movie_id
AND t.id = mi_idx.movie_id
AND t.id = ci.movie_id
AND t.id = mk.movie_id
AND t.id = cc.movie_id
AND ci.movie_id = mi.movie_id
AND ci.movie_id = mi_idx.movie_id
AND ci.movie_id = mk.movie_id
AND ci.movie_id = cc.movie_id
AND mi.movie_id = mi_idx.movie_id
AND mi.movie_id = mk.movie_id
AND mi.movie_id = cc.movie_id
AND mi_idx.movie_id = mk.movie_id
AND mi_idx.movie_id = cc.movie_id
AND mk.movie_id = cc.movie_id
AND n.id = ci.person_id
AND it1.id = mi.info_type_id
AND it2.id = mi_idx.info_type_id
AND k.id = mk.keyword_id
AND cct1.id = cc.subject_id
AND cct2.id = cc.status_id
AND cct1.kind IN ('crew', 'crew', 'crew', 'crew', 'crew')
AND cct2.kind = 'complete+verified'
AND ci.note IN ('(producer)', '(producer)', '(producer)', '(producer)', '(producer)')
AND it1.info = 'genres'
AND it2.info = 'votes'
AND k.keyword IN ('murder', 'murder', 'murder', 'murder', 'murder')
AND mi.info IN ('Comedy', 'Drama', 'Drama', 'Drama', 'Drama')
AND n.gender = 'm'
AND t.production_year > 1972;",101,/*+  SeqScan(k) IndexScan(mk keyword_id_movie_keyword_1) SeqScan(cc) SeqScan(cct2) SeqScan(cct1) IndexScan(mi_idx movie_id_movie_info_idx_1) SeqScan(it2) IndexScan(mi movie_id_movie_info_1) IndexScan(t sampled_title_1_pkey) IndexScan(ci movie_id_cast_info_1) IndexScan(n sampled_name_1_pkey) SeqScan(it1) NestLoop(k mk) HashJoin(cc cct2) HashJoin(cc cct2 cct1) HashJoin(k mk cc cct2 cct1) NestLoop(k mk cc cct2 cct1 mi_idx) HashJoin(k mk cc cct2 cct1 mi_idx it2) NestLoop(k mk cc cct2 cct1 mi_idx it2 mi) NestLoop(k mk cc cct2 cct1 mi_idx it2 mi t) NestLoop(k mk cc cct2 cct1 mi_idx it2 mi t ci) NestLoop(k mk cc cct2 cct1 mi_idx it2 mi t ci n) HashJoin(k mk cc cct2 cct1 mi_idx it2 mi t ci n it1) Leading((((((((((k mk) ((cc cct2) cct1)) mi_idx) it2) mi) t) ci) n) it1)) */
"SELECT MIN(mi.info) AS movie_budget, MIN(mi_idx.info) AS movie_votes, MIN(n.name) AS writer, MIN(t.title) AS complete_violent_movie
FROM sampled_complete_cast_1 AS cc,
    sampled_comp_cast_type_1 AS cct1,
    sampled_comp_cast_type_1 AS cct2,
    sampled_cast_info_1 AS ci,
    sampled_info_type_1 AS it1,
    sampled_info_type_1 AS it2,
    sampled_keyword_1 AS k,
    sampled_movie_info_1 AS mi,
    sampled_movie_info_idx_1 AS mi_idx,
    sampled_movie_keyword_1 AS mk,
    sampled_name_1 AS n,
    sampled_title_1 AS t
WHERE t.id = mi.movie_id
AND t.id = mi_idx.movie_id
AND t.id = ci.movie_id
AND t.id = mk.movie_id
AND t.id = cc.movie_id
AND ci.movie_id = mi.movie_id
AND ci.movie_id = mi_idx.movie_id
AND ci.movie_id = mk.movie_id
AND ci.movie_id = cc.movie_id
AND mi.movie_id = mi_idx.movie_id
AND mi.movie_id = mk.movie_id
AND mi.movie_id = cc.movie_id
AND mi_idx.movie_id = mk.movie_id
AND mi_idx.movie_id = cc.movie_id
AND mk.movie_id = cc.movie_id
AND n.id = ci.person_id
AND it1.id = mi.info_type_id
AND it2.id = mi_idx.info_type_id
AND k.id = mk.keyword_id
AND cct1.id = cc.subject_id
AND cct2.id = cc.status_id
AND cct1.kind IN ('cast', 'cast', 'cast', 'cast', 'cast')
AND cct2.kind = 'complete+verified'
AND ci.note IN ('(associate producer)', '(written by)', '(voice)', '(writer)', '(associate producer)')
AND it1.info = 'countries'
AND it2.info = 'votes distribution'
AND k.keyword IN ('sex', 'sex', 'sex', 'sex', 'sex')
AND mi.info IN ('Documentary', 'Comedy', 'UK', 'UK', 'Documentary')
AND n.gender = 'm'
AND t.production_year > 1982;",101,/*+  SeqScan(k) IndexScan(mk keyword_id_movie_keyword_1) SeqScan(cc) SeqScan(cct2) SeqScan(cct1) IndexScan(mi_idx movie_id_movie_info_idx_1) SeqScan(it2) IndexScan(mi movie_id_movie_info_1) IndexScan(t sampled_title_1_pkey) IndexScan(ci movie_id_cast_info_1) IndexScan(n sampled_name_1_pkey) SeqScan(it1) NestLoop(k mk) HashJoin(cc cct2) HashJoin(cc cct2 cct1) HashJoin(k mk cc cct2 cct1) NestLoop(k mk cc cct2 cct1 mi_idx) HashJoin(k mk cc cct2 cct1 mi_idx it2) NestLoop(k mk cc cct2 cct1 mi_idx it2 mi) NestLoop(k mk cc cct2 cct1 mi_idx it2 mi t) NestLoop(k mk cc cct2 cct1 mi_idx it2 mi t ci) NestLoop(k mk cc cct2 cct1 mi_idx it2 mi t ci n) HashJoin(k mk cc cct2 cct1 mi_idx it2 mi t ci n it1) Leading((((((((((k mk) ((cc cct2) cct1)) mi_idx) it2) mi) t) ci) n) it1)) */
"SELECT MIN(mi.info) AS movie_budget, MIN(mi_idx.info) AS movie_votes, MIN(n.name) AS writer, MIN(t.title) AS complete_violent_movie
FROM sampled_complete_cast_1 AS cc,
    sampled_comp_cast_type_1 AS cct1,
    sampled_comp_cast_type_1 AS cct2,
    sampled_cast_info_1 AS ci,
    sampled_info_type_1 AS it1,
    sampled_info_type_1 AS it2,
    sampled_keyword_1 AS k,
    sampled_movie_info_1 AS mi,
    sampled_movie_info_idx_1 AS mi_idx,
    sampled_movie_keyword_1 AS mk,
    sampled_name_1 AS n,
    sampled_title_1 AS t
WHERE t.id = mi.movie_id
AND t.id = mi_idx.movie_id
AND t.id = ci.movie_id
AND t.id = mk.movie_id
AND t.id = cc.movie_id
AND ci.movie_id = mi.movie_id
AND ci.movie_id = mi_idx.movie_id
AND ci.movie_id = mk.movie_id
AND ci.movie_id = cc.movie_id
AND mi.movie_id = mi_idx.movie_id
AND mi.movie_id = mk.movie_id
AND mi.movie_id = cc.movie_id
AND mi_idx.movie_id = mk.movie_id
AND mi_idx.movie_id = cc.movie_id
AND mk.movie_id = cc.movie_id
AND n.id = ci.person_id
AND it1.id = mi.info_type_id
AND it2.id = mi_idx.info_type_id
AND k.id = mk.keyword_id
AND cct1.id = cc.subject_id
AND cct2.id = cc.status_id
AND cct1.kind IN ('crew', 'crew', 'crew', 'crew', 'crew')
AND cct2.kind = 'complete+verified'
AND ci.note IN ('(production assistant)', '(creator)', '(as Jean Bell)', '(title designer: main titles)', '(as Tommy McLoughlin)')
AND it1.info = 'genres'
AND it2.info = 'rating'
AND k.keyword IN ('based-on-novel', 'based-on-novel', 'based-on-novel', 'based-on-novel', 'based-on-novel')
AND mi.info IN ('Drama', 'Comedy', 'Comedy', 'Comedy', 'Comedy')
AND n.gender = 'm'
AND t.production_year > 1973;",101,/*+  SeqScan(k) IndexScan(mk keyword_id_movie_keyword_1) SeqScan(cc) SeqScan(cct2) SeqScan(cct1) IndexScan(mi_idx movie_id_movie_info_idx_1) SeqScan(it2) IndexScan(mi movie_id_movie_info_1) IndexScan(t sampled_title_1_pkey) IndexScan(ci movie_id_cast_info_1) IndexScan(n sampled_name_1_pkey) SeqScan(it1) NestLoop(k mk) HashJoin(cc cct2) HashJoin(cc cct2 cct1) HashJoin(k mk cc cct2 cct1) NestLoop(k mk cc cct2 cct1 mi_idx) HashJoin(k mk cc cct2 cct1 mi_idx it2) NestLoop(k mk cc cct2 cct1 mi_idx it2 mi) NestLoop(k mk cc cct2 cct1 mi_idx it2 mi t) NestLoop(k mk cc cct2 cct1 mi_idx it2 mi t ci) NestLoop(k mk cc cct2 cct1 mi_idx it2 mi t ci n) HashJoin(k mk cc cct2 cct1 mi_idx it2 mi t ci n it1) Leading((((((((((k mk) ((cc cct2) cct1)) mi_idx) it2) mi) t) ci) n) it1)) */
"SELECT MIN(mi.info) AS movie_budget, MIN(mi_idx.info) AS movie_votes, MIN(n.name) AS writer, MIN(t.title) AS complete_violent_movie
FROM sampled_complete_cast_1 AS cc,
    sampled_comp_cast_type_1 AS cct1,
    sampled_comp_cast_type_1 AS cct2,
    sampled_cast_info_1 AS ci,
    sampled_info_type_1 AS it1,
    sampled_info_type_1 AS it2,
    sampled_keyword_1 AS k,
    sampled_movie_info_1 AS mi,
    sampled_movie_info_idx_1 AS mi_idx,
    sampled_movie_keyword_1 AS mk,
    sampled_name_1 AS n,
    sampled_title_1 AS t
WHERE t.id = mi.movie_id
AND t.id = mi_idx.movie_id
AND t.id = ci.movie_id
AND t.id = mk.movie_id
AND t.id = cc.movie_id
AND ci.movie_id = mi.movie_id
AND ci.movie_id = mi_idx.movie_id
AND ci.movie_id = mk.movie_id
AND ci.movie_id = cc.movie_id
AND mi.movie_id = mi_idx.movie_id
AND mi.movie_id = mk.movie_id
AND mi.movie_id = cc.movie_id
AND mi_idx.movie_id = mk.movie_id
AND mi_idx.movie_id = cc.movie_id
AND mk.movie_id = cc.movie_id
AND n.id = ci.person_id
AND it1.id = mi.info_type_id
AND it2.id = mi_idx.info_type_id
AND k.id = mk.keyword_id
AND cct1.id = cc.subject_id
AND cct2.id = cc.status_id
AND cct1.kind IN ('cast', 'cast', 'cast', 'cast', 'cast')
AND cct2.kind = 'complete+verified'
AND ci.note IN ('(uncredited)', '(uncredited)', '(uncredited)', '(uncredited)', '(uncredited)')
AND it1.info = 'genres'
AND it2.info = 'votes distribution'
AND k.keyword IN ('nudity', 'nudity', 'number-in-title', 'number-in-title', 'number-in-title')
AND mi.info IN ('Film', 'Comedy', 'PCS:Spherical', 'Comedy', 'Dolby Surround')
AND n.gender = 'm'
AND t.production_year > 1985;",101,/*+  SeqScan(k) IndexScan(mk keyword_id_movie_keyword_1) SeqScan(cc) SeqScan(cct2) SeqScan(cct1) IndexScan(mi_idx movie_id_movie_info_idx_1) SeqScan(it2) IndexScan(mi movie_id_movie_info_1) IndexScan(t sampled_title_1_pkey) IndexScan(ci movie_id_cast_info_1) IndexScan(n sampled_name_1_pkey) SeqScan(it1) NestLoop(k mk) HashJoin(cc cct2) HashJoin(cc cct2 cct1) HashJoin(k mk cc cct2 cct1) NestLoop(k mk cc cct2 cct1 mi_idx) HashJoin(k mk cc cct2 cct1 mi_idx it2) NestLoop(k mk cc cct2 cct1 mi_idx it2 mi) NestLoop(k mk cc cct2 cct1 mi_idx it2 mi t) NestLoop(k mk cc cct2 cct1 mi_idx it2 mi t ci) NestLoop(k mk cc cct2 cct1 mi_idx it2 mi t ci n) HashJoin(k mk cc cct2 cct1 mi_idx it2 mi t ci n it1) Leading((((((((((k mk) ((cc cct2) cct1)) mi_idx) it2) mi) t) ci) n) it1)) */
"SELECT MIN(mi.info) AS movie_budget, MIN(mi_idx.info) AS movie_votes, MIN(n.name) AS writer, MIN(t.title) AS complete_violent_movie
FROM sampled_complete_cast_1 AS cc,
    sampled_comp_cast_type_1 AS cct1,
    sampled_comp_cast_type_1 AS cct2,
    sampled_cast_info_1 AS ci,
    sampled_info_type_1 AS it1,
    sampled_info_type_1 AS it2,
    sampled_keyword_1 AS k,
    sampled_movie_info_1 AS mi,
    sampled_movie_info_idx_1 AS mi_idx,
    sampled_movie_keyword_1 AS mk,
    sampled_name_1 AS n,
    sampled_title_1 AS t
WHERE t.id = mi.movie_id
AND t.id = mi_idx.movie_id
AND t.id = ci.movie_id
AND t.id = mk.movie_id
AND t.id = cc.movie_id
AND ci.movie_id = mi.movie_id
AND ci.movie_id = mi_idx.movie_id
AND ci.movie_id = mk.movie_id
AND ci.movie_id = cc.movie_id
AND mi.movie_id = mi_idx.movie_id
AND mi.movie_id = mk.movie_id
AND mi.movie_id = cc.movie_id
AND mi_idx.movie_id = mk.movie_id
AND mi_idx.movie_id = cc.movie_id
AND mk.movie_id = cc.movie_id
AND n.id = ci.person_id
AND it1.id = mi.info_type_id
AND it2.id = mi_idx.info_type_id
AND k.id = mk.keyword_id
AND cct1.id = cc.subject_id
AND cct2.id = cc.status_id
AND cct1.kind IN ('crew', 'crew', 'crew', 'crew', 'crew')
AND cct2.kind = 'complete+verified'
AND ci.note IN ('(story)', '(writer)', '(associate producer)', '(location manager)', '(creator)')
AND it1.info = 'genres'
AND it2.info = 'votes distribution'
AND k.keyword IN ('murder', 'murder', 'murder', 'murder', 'murder')
AND mi.info IN ('Comedy', 'Comedy', 'Comedy', 'Comedy', 'Comedy')
AND n.gender = 'm'
AND t.production_year > 1969;",101,/*+  SeqScan(k) IndexScan(mk keyword_id_movie_keyword_1) SeqScan(cc) SeqScan(cct2) SeqScan(cct1) IndexScan(mi_idx movie_id_movie_info_idx_1) SeqScan(it2) IndexScan(mi movie_id_movie_info_1) IndexScan(t sampled_title_1_pkey) IndexScan(ci movie_id_cast_info_1) IndexScan(n sampled_name_1_pkey) SeqScan(it1) NestLoop(k mk) HashJoin(cc cct2) HashJoin(cc cct2 cct1) HashJoin(k mk cc cct2 cct1) NestLoop(k mk cc cct2 cct1 mi_idx) HashJoin(k mk cc cct2 cct1 mi_idx it2) NestLoop(k mk cc cct2 cct1 mi_idx it2 mi) NestLoop(k mk cc cct2 cct1 mi_idx it2 mi t) NestLoop(k mk cc cct2 cct1 mi_idx it2 mi t ci) NestLoop(k mk cc cct2 cct1 mi_idx it2 mi t ci n) HashJoin(k mk cc cct2 cct1 mi_idx it2 mi t ci n it1) Leading((((((((((k mk) ((cc cct2) cct1)) mi_idx) it2) mi) t) ci) n) it1)) */
"SELECT MIN(mi.info) AS movie_budget, MIN(mi_idx.info) AS movie_votes, MIN(n.name) AS writer, MIN(t.title) AS complete_violent_movie
FROM sampled_complete_cast_1 AS cc,
    sampled_comp_cast_type_1 AS cct1,
    sampled_comp_cast_type_1 AS cct2,
    sampled_cast_info_1 AS ci,
    sampled_info_type_1 AS it1,
    sampled_info_type_1 AS it2,
    sampled_keyword_1 AS k,
    sampled_movie_info_1 AS mi,
    sampled_movie_info_idx_1 AS mi_idx,
    sampled_movie_keyword_1 AS mk,
    sampled_name_1 AS n,
    sampled_title_1 AS t
WHERE t.id = mi.movie_id
AND t.id = mi_idx.movie_id
AND t.id = ci.movie_id
AND t.id = mk.movie_id
AND t.id = cc.movie_id
AND ci.movie_id = mi.movie_id
AND ci.movie_id = mi_idx.movie_id
AND ci.movie_id = mk.movie_id
AND ci.movie_id = cc.movie_id
AND mi.movie_id = mi_idx.movie_id
AND mi.movie_id = mk.movie_id
AND mi.movie_id = cc.movie_id
AND mi_idx.movie_id = mk.movie_id
AND mi_idx.movie_id = cc.movie_id
AND mk.movie_id = cc.movie_id
AND n.id = ci.person_id
AND it1.id = mi.info_type_id
AND it2.id = mi_idx.info_type_id
AND k.id = mk.keyword_id
AND cct1.id = cc.subject_id
AND cct2.id = cc.status_id
AND cct1.kind IN ('cast', 'cast', 'cast', 'cast', 'cast')
AND cct2.kind = 'complete'
AND ci.note IN ('(voice)', '(producer)', '(voice)', '(executive producer)', '(producer)')
AND it1.info = 'genres'
AND it2.info = 'votes'
AND k.keyword IN ('sex', 'sex', 'sex', 'sex', 'sex')
AND mi.info IN ('Comedy', 'UK', 'Comedy', 'Documentary', 'Comedy')
AND n.gender = 'm'
AND t.production_year > 1983;",101,/*+  SeqScan(k) IndexScan(mk keyword_id_movie_keyword_1) SeqScan(cc) SeqScan(cct2) SeqScan(cct1) IndexScan(mi_idx movie_id_movie_info_idx_1) SeqScan(it2) IndexScan(mi movie_id_movie_info_1) IndexScan(t sampled_title_1_pkey) IndexScan(ci movie_id_cast_info_1) IndexScan(n sampled_name_1_pkey) SeqScan(it1) NestLoop(k mk) HashJoin(cc cct2) HashJoin(cc cct2 cct1) HashJoin(k mk cc cct2 cct1) NestLoop(k mk cc cct2 cct1 mi_idx) HashJoin(k mk cc cct2 cct1 mi_idx it2) NestLoop(k mk cc cct2 cct1 mi_idx it2 mi) NestLoop(k mk cc cct2 cct1 mi_idx it2 mi t) NestLoop(k mk cc cct2 cct1 mi_idx it2 mi t ci) NestLoop(k mk cc cct2 cct1 mi_idx it2 mi t ci n) HashJoin(k mk cc cct2 cct1 mi_idx it2 mi t ci n it1) Leading((((((((((k mk) ((cc cct2) cct1)) mi_idx) it2) mi) t) ci) n) it1)) */
"SELECT MIN(mi.info) AS movie_budget, MIN(mi_idx.info) AS movie_votes, MIN(n.name) AS writer, MIN(t.title) AS complete_violent_movie
FROM sampled_complete_cast_1 AS cc,
    sampled_comp_cast_type_1 AS cct1,
    sampled_comp_cast_type_1 AS cct2,
    sampled_cast_info_1 AS ci,
    sampled_info_type_1 AS it1,
    sampled_info_type_1 AS it2,
    sampled_keyword_1 AS k,
    sampled_movie_info_1 AS mi,
    sampled_movie_info_idx_1 AS mi_idx,
    sampled_movie_keyword_1 AS mk,
    sampled_name_1 AS n,
    sampled_title_1 AS t
WHERE t.id = mi.movie_id
AND t.id = mi_idx.movie_id
AND t.id = ci.movie_id
AND t.id = mk.movie_id
AND t.id = cc.movie_id
AND ci.movie_id = mi.movie_id
AND ci.movie_id = mi_idx.movie_id
AND ci.movie_id = mk.movie_id
AND ci.movie_id = cc.movie_id
AND mi.movie_id = mi_idx.movie_id
AND mi.movie_id = mk.movie_id
AND mi.movie_id = cc.movie_id
AND mi_idx.movie_id = mk.movie_id
AND mi_idx.movie_id = cc.movie_id
AND mk.movie_id = cc.movie_id
AND n.id = ci.person_id
AND it1.id = mi.info_type_id
AND it2.id = mi_idx.info_type_id
AND k.id = mk.keyword_id
AND cct1.id = cc.subject_id
AND cct2.id = cc.status_id
AND cct1.kind IN ('crew', 'crew', 'crew', 'crew', 'crew')
AND cct2.kind = 'complete+verified'
AND ci.note IN ('(producer)', '(producer)', '(producer)', '(producer)', '(producer)')
AND it1.info = 'genres'
AND it2.info = 'votes distribution'
AND k.keyword IN ('character-name-in-title', 'independent-film', 'independent-film', 'independent-film', 'character-name-in-title')
AND mi.info IN ('Comedy', 'Drama', 'Comedy', 'Drama', 'Drama')
AND n.gender = 'm'
AND t.production_year > 1975;",101,/*+  SeqScan(k) IndexScan(mk keyword_id_movie_keyword_1) SeqScan(cc) SeqScan(cct2) SeqScan(cct1) IndexScan(mi_idx movie_id_movie_info_idx_1) SeqScan(it2) IndexScan(mi movie_id_movie_info_1) IndexScan(t sampled_title_1_pkey) IndexScan(ci movie_id_cast_info_1) IndexScan(n sampled_name_1_pkey) SeqScan(it1) NestLoop(k mk) HashJoin(cc cct2) HashJoin(cc cct2 cct1) HashJoin(k mk cc cct2 cct1) NestLoop(k mk cc cct2 cct1 mi_idx) HashJoin(k mk cc cct2 cct1 mi_idx it2) NestLoop(k mk cc cct2 cct1 mi_idx it2 mi) NestLoop(k mk cc cct2 cct1 mi_idx it2 mi t) NestLoop(k mk cc cct2 cct1 mi_idx it2 mi t ci) NestLoop(k mk cc cct2 cct1 mi_idx it2 mi t ci n) HashJoin(k mk cc cct2 cct1 mi_idx it2 mi t ci n it1) Leading((((((((((k mk) ((cc cct2) cct1)) mi_idx) it2) mi) t) ci) n) it1)) */
"SELECT MIN(mi.info) AS movie_budget, MIN(mi_idx.info) AS movie_votes, MIN(n.name) AS writer, MIN(t.title) AS complete_violent_movie
FROM sampled_complete_cast_1 AS cc,
    sampled_comp_cast_type_1 AS cct1,
    sampled_comp_cast_type_1 AS cct2,
    sampled_cast_info_1 AS ci,
    sampled_info_type_1 AS it1,
    sampled_info_type_1 AS it2,
    sampled_keyword_1 AS k,
    sampled_movie_info_1 AS mi,
    sampled_movie_info_idx_1 AS mi_idx,
    sampled_movie_keyword_1 AS mk,
    sampled_name_1 AS n,
    sampled_title_1 AS t
WHERE t.id = mi.movie_id
AND t.id = mi_idx.movie_id
AND t.id = ci.movie_id
AND t.id = mk.movie_id
AND t.id = cc.movie_id
AND ci.movie_id = mi.movie_id
AND ci.movie_id = mi_idx.movie_id
AND ci.movie_id = mk.movie_id
AND ci.movie_id = cc.movie_id
AND mi.movie_id = mi_idx.movie_id
AND mi.movie_id = mk.movie_id
AND mi.movie_id = cc.movie_id
AND mi_idx.movie_id = mk.movie_id
AND mi_idx.movie_id = cc.movie_id
AND mk.movie_id = cc.movie_id
AND n.id = ci.person_id
AND it1.id = mi.info_type_id
AND it2.id = mi_idx.info_type_id
AND k.id = mk.keyword_id
AND cct1.id = cc.subject_id
AND cct2.id = cc.status_id
AND cct1.kind IN ('crew', 'crew', 'crew', 'crew', 'crew')
AND cct2.kind = 'complete+verified'
AND ci.note IN ('(voice)', '(voice)', '(voice)', '(voice)', '(voice)')
AND it1.info = 'genres'
AND it2.info = 'votes'
AND k.keyword IN ('number-in-title', 'nudity', 'nudity', 'nudity', 'number-in-title')
AND mi.info IN ('Letterbox', 'RAT:1.33 : 1', '1.33 : 1', 'Thriller', '1.33 : 1')
AND n.gender = 'm'
AND t.production_year > 1973;",101,/*+  SeqScan(k) IndexScan(mk keyword_id_movie_keyword_1) SeqScan(cc) SeqScan(cct2) SeqScan(cct1) IndexScan(mi_idx movie_id_movie_info_idx_1) SeqScan(it2) IndexScan(mi movie_id_movie_info_1) IndexScan(t sampled_title_1_pkey) IndexScan(ci movie_id_cast_info_1) IndexScan(n sampled_name_1_pkey) SeqScan(it1) NestLoop(k mk) HashJoin(cc cct2) HashJoin(cc cct2 cct1) HashJoin(k mk cc cct2 cct1) NestLoop(k mk cc cct2 cct1 mi_idx) HashJoin(k mk cc cct2 cct1 mi_idx it2) NestLoop(k mk cc cct2 cct1 mi_idx it2 mi) NestLoop(k mk cc cct2 cct1 mi_idx it2 mi t) NestLoop(k mk cc cct2 cct1 mi_idx it2 mi t ci) NestLoop(k mk cc cct2 cct1 mi_idx it2 mi t ci n) HashJoin(k mk cc cct2 cct1 mi_idx it2 mi t ci n it1) Leading((((((((((k mk) ((cc cct2) cct1)) mi_idx) it2) mi) t) ci) n) it1)) */
"SELECT MIN(mi.info) AS movie_budget, MIN(mi_idx.info) AS movie_votes, MIN(n.name) AS writer, MIN(t.title) AS complete_violent_movie
FROM sampled_complete_cast_1 AS cc,
    sampled_comp_cast_type_1 AS cct1,
    sampled_comp_cast_type_1 AS cct2,
    sampled_cast_info_1 AS ci,
    sampled_info_type_1 AS it1,
    sampled_info_type_1 AS it2,
    sampled_keyword_1 AS k,
    sampled_movie_info_1 AS mi,
    sampled_movie_info_idx_1 AS mi_idx,
    sampled_movie_keyword_1 AS mk,
    sampled_name_1 AS n,
    sampled_title_1 AS t
WHERE t.id = mi.movie_id
AND t.id = mi_idx.movie_id
AND t.id = ci.movie_id
AND t.id = mk.movie_id
AND t.id = cc.movie_id
AND ci.movie_id = mi.movie_id
AND ci.movie_id = mi_idx.movie_id
AND ci.movie_id = mk.movie_id
AND ci.movie_id = cc.movie_id
AND mi.movie_id = mi_idx.movie_id
AND mi.movie_id = mk.movie_id
AND mi.movie_id = cc.movie_id
AND mi_idx.movie_id = mk.movie_id
AND mi_idx.movie_id = cc.movie_id
AND mk.movie_id = cc.movie_id
AND n.id = ci.person_id
AND it1.id = mi.info_type_id
AND it2.id = mi_idx.info_type_id
AND k.id = mk.keyword_id
AND cct1.id = cc.subject_id
AND cct2.id = cc.status_id
AND cct1.kind IN ('crew', 'crew', 'crew', 'crew', 'crew')
AND cct2.kind = 'complete+verified'
AND ci.note IN ('(uncredited)', '(producer)', '(producer)', '(uncredited)', '(producer)')
AND it1.info = 'genres'
AND it2.info = 'top 250 rank'
AND k.keyword IN ('based-on-novel', 'based-on-novel', 'based-on-novel', 'based-on-novel', 'based-on-novel')
AND mi.info IN ('Drama', 'Drama', 'Drama', 'Comedy', 'Comedy')
AND n.gender = 'm'
AND t.production_year > 1972;",101,/*+  SeqScan(k) IndexScan(mk keyword_id_movie_keyword_1) SeqScan(cc) SeqScan(cct2) SeqScan(cct1) IndexScan(mi_idx movie_id_movie_info_idx_1) SeqScan(it2) IndexScan(mi movie_id_movie_info_1) IndexScan(t sampled_title_1_pkey) IndexScan(ci movie_id_cast_info_1) IndexScan(n sampled_name_1_pkey) SeqScan(it1) NestLoop(k mk) HashJoin(cc cct2) HashJoin(cc cct2 cct1) HashJoin(k mk cc cct2 cct1) NestLoop(k mk cc cct2 cct1 mi_idx) HashJoin(k mk cc cct2 cct1 mi_idx it2) NestLoop(k mk cc cct2 cct1 mi_idx it2 mi) NestLoop(k mk cc cct2 cct1 mi_idx it2 mi t) NestLoop(k mk cc cct2 cct1 mi_idx it2 mi t ci) NestLoop(k mk cc cct2 cct1 mi_idx it2 mi t ci n) HashJoin(k mk cc cct2 cct1 mi_idx it2 mi t ci n it1) Leading((((((((((k mk) ((cc cct2) cct1)) mi_idx) it2) mi) t) ci) n) it1)) */
"SELECT MIN(mi.info) AS movie_budget, MIN(mi_idx.info) AS movie_votes, MIN(n.name) AS writer, MIN(t.title) AS complete_violent_movie
FROM sampled_complete_cast_1 AS cc,
    sampled_comp_cast_type_1 AS cct1,
    sampled_comp_cast_type_1 AS cct2,
    sampled_cast_info_1 AS ci,
    sampled_info_type_1 AS it1,
    sampled_info_type_1 AS it2,
    sampled_keyword_1 AS k,
    sampled_movie_info_1 AS mi,
    sampled_movie_info_idx_1 AS mi_idx,
    sampled_movie_keyword_1 AS mk,
    sampled_name_1 AS n,
    sampled_title_1 AS t
WHERE t.id = mi.movie_id
AND t.id = mi_idx.movie_id
AND t.id = ci.movie_id
AND t.id = mk.movie_id
AND t.id = cc.movie_id
AND ci.movie_id = mi.movie_id
AND ci.movie_id = mi_idx.movie_id
AND ci.movie_id = mk.movie_id
AND ci.movie_id = cc.movie_id
AND mi.movie_id = mi_idx.movie_id
AND mi.movie_id = mk.movie_id
AND mi.movie_id = cc.movie_id
AND mi_idx.movie_id = mk.movie_id
AND mi_idx.movie_id = cc.movie_id
AND mk.movie_id = cc.movie_id
AND n.id = ci.person_id
AND it1.id = mi.info_type_id
AND it2.id = mi_idx.info_type_id
AND k.id = mk.keyword_id
AND cct1.id = cc.subject_id
AND cct2.id = cc.status_id
AND cct1.kind IN ('crew', 'crew', 'crew', 'crew', 'crew')
AND cct2.kind = 'complete'
AND ci.note IN ('(written by)', '(written by)', '(written by)', '(written by)', '(written by)')
AND it1.info = 'countries'
AND it2.info = 'votes distribution'
AND k.keyword IN ('non-fiction', 'two-word-title', 'two-word-title', 'bare-breasts', 'love')
AND mi.info IN ('PFM:35 mm', 'USA', 'USA', 'Drama', 'OFM:35 mm')
AND n.gender = 'm'
AND t.production_year > 1991;",101,/*+  SeqScan(k) IndexScan(mk keyword_id_movie_keyword_1) SeqScan(cc) SeqScan(cct2) SeqScan(cct1) IndexScan(mi_idx movie_id_movie_info_idx_1) SeqScan(it2) IndexScan(mi movie_id_movie_info_1) IndexScan(t sampled_title_1_pkey) IndexScan(ci movie_id_cast_info_1) IndexScan(n sampled_name_1_pkey) SeqScan(it1) NestLoop(k mk) HashJoin(cc cct2) HashJoin(cc cct2 cct1) HashJoin(k mk cc cct2 cct1) NestLoop(k mk cc cct2 cct1 mi_idx) HashJoin(k mk cc cct2 cct1 mi_idx it2) NestLoop(k mk cc cct2 cct1 mi_idx it2 mi) NestLoop(k mk cc cct2 cct1 mi_idx it2 mi t) NestLoop(k mk cc cct2 cct1 mi_idx it2 mi t ci) NestLoop(k mk cc cct2 cct1 mi_idx it2 mi t ci n) HashJoin(k mk cc cct2 cct1 mi_idx it2 mi t ci n it1) Leading((((((((((k mk) ((cc cct2) cct1)) mi_idx) it2) mi) t) ci) n) it1)) */
"SELECT MIN(mi.info) AS movie_budget, MIN(mi_idx.info) AS movie_votes, MIN(n.name) AS writer, MIN(t.title) AS complete_violent_movie
FROM sampled_complete_cast_1 AS cc,
    sampled_comp_cast_type_1 AS cct1,
    sampled_comp_cast_type_1 AS cct2,
    sampled_cast_info_1 AS ci,
    sampled_info_type_1 AS it1,
    sampled_info_type_1 AS it2,
    sampled_keyword_1 AS k,
    sampled_movie_info_1 AS mi,
    sampled_movie_info_idx_1 AS mi_idx,
    sampled_movie_keyword_1 AS mk,
    sampled_name_1 AS n,
    sampled_title_1 AS t
WHERE t.id = mi.movie_id
AND t.id = mi_idx.movie_id
AND t.id = ci.movie_id
AND t.id = mk.movie_id
AND t.id = cc.movie_id
AND ci.movie_id = mi.movie_id
AND ci.movie_id = mi_idx.movie_id
AND ci.movie_id = mk.movie_id
AND ci.movie_id = cc.movie_id
AND mi.movie_id = mi_idx.movie_id
AND mi.movie_id = mk.movie_id
AND mi.movie_id = cc.movie_id
AND mi_idx.movie_id = mk.movie_id
AND mi_idx.movie_id = cc.movie_id
AND mk.movie_id = cc.movie_id
AND n.id = ci.person_id
AND it1.id = mi.info_type_id
AND it2.id = mi_idx.info_type_id
AND k.id = mk.keyword_id
AND cct1.id = cc.subject_id
AND cct2.id = cc.status_id
AND cct1.kind IN ('crew', 'crew', 'crew', 'crew', 'crew')
AND cct2.kind = 'complete'
AND ci.note IN ('(writer)', '(associate producer)', '(writer)', '(production assistant)', '(production assistant)')
AND it1.info = 'genres'
AND it2.info = 'votes'
AND k.keyword IN ('nudity', 'nudity', 'based-on-play', 'based-on-play', 'number-in-title')
AND mi.info IN ('PFM:35 mm', 'USA', 'Drama', 'USA', 'PFM:35 mm')
AND n.gender = 'm'
AND t.production_year > 1985;",101,/*+  SeqScan(k) IndexScan(mk keyword_id_movie_keyword_1) SeqScan(cc) SeqScan(cct2) SeqScan(cct1) IndexScan(mi_idx movie_id_movie_info_idx_1) SeqScan(it2) IndexScan(mi movie_id_movie_info_1) IndexScan(t sampled_title_1_pkey) IndexScan(ci movie_id_cast_info_1) IndexScan(n sampled_name_1_pkey) SeqScan(it1) NestLoop(k mk) HashJoin(cc cct2) HashJoin(cc cct2 cct1) HashJoin(k mk cc cct2 cct1) NestLoop(k mk cc cct2 cct1 mi_idx) HashJoin(k mk cc cct2 cct1 mi_idx it2) NestLoop(k mk cc cct2 cct1 mi_idx it2 mi) NestLoop(k mk cc cct2 cct1 mi_idx it2 mi t) NestLoop(k mk cc cct2 cct1 mi_idx it2 mi t ci) NestLoop(k mk cc cct2 cct1 mi_idx it2 mi t ci n) HashJoin(k mk cc cct2 cct1 mi_idx it2 mi t ci n it1) Leading((((((((((k mk) ((cc cct2) cct1)) mi_idx) it2) mi) t) ci) n) it1)) */
"SELECT MIN(mi.info) AS movie_budget, MIN(mi_idx.info) AS movie_votes, MIN(n.name) AS writer, MIN(t.title) AS complete_violent_movie
FROM sampled_complete_cast_1 AS cc,
    sampled_comp_cast_type_1 AS cct1,
    sampled_comp_cast_type_1 AS cct2,
    sampled_cast_info_1 AS ci,
    sampled_info_type_1 AS it1,
    sampled_info_type_1 AS it2,
    sampled_keyword_1 AS k,
    sampled_movie_info_1 AS mi,
    sampled_movie_info_idx_1 AS mi_idx,
    sampled_movie_keyword_1 AS mk,
    sampled_name_1 AS n,
    sampled_title_1 AS t
WHERE t.id = mi.movie_id
AND t.id = mi_idx.movie_id
AND t.id = ci.movie_id
AND t.id = mk.movie_id
AND t.id = cc.movie_id
AND ci.movie_id = mi.movie_id
AND ci.movie_id = mi_idx.movie_id
AND ci.movie_id = mk.movie_id
AND ci.movie_id = cc.movie_id
AND mi.movie_id = mi_idx.movie_id
AND mi.movie_id = mk.movie_id
AND mi.movie_id = cc.movie_id
AND mi_idx.movie_id = mk.movie_id
AND mi_idx.movie_id = cc.movie_id
AND mk.movie_id = cc.movie_id
AND n.id = ci.person_id
AND it1.id = mi.info_type_id
AND it2.id = mi_idx.info_type_id
AND k.id = mk.keyword_id
AND cct1.id = cc.subject_id
AND cct2.id = cc.status_id
AND cct1.kind IN ('crew', 'crew', 'crew', 'crew', 'crew')
AND cct2.kind = 'complete+verified'
AND ci.note IN ('(written by)', '(written by)', '(written by)', '(written by)', '(written by)')
AND it1.info = 'countries'
AND it2.info = 'top 250 rank'
AND k.keyword IN ('sex', 'sex', 'sex', 'sex', 'sex')
AND mi.info IN ('RAT:1.33 : 1', 'Color', 'USA', 'English', 'PFM:35 mm')
AND n.gender = 'm'
AND t.production_year > 1968;",101,/*+  SeqScan(k) IndexScan(mk keyword_id_movie_keyword_1) SeqScan(cc) SeqScan(cct2) SeqScan(cct1) IndexScan(mi_idx movie_id_movie_info_idx_1) SeqScan(it2) IndexScan(mi movie_id_movie_info_1) IndexScan(t sampled_title_1_pkey) IndexScan(ci movie_id_cast_info_1) IndexScan(n sampled_name_1_pkey) SeqScan(it1) NestLoop(k mk) HashJoin(cc cct2) HashJoin(cc cct2 cct1) HashJoin(k mk cc cct2 cct1) NestLoop(k mk cc cct2 cct1 mi_idx) HashJoin(k mk cc cct2 cct1 mi_idx it2) NestLoop(k mk cc cct2 cct1 mi_idx it2 mi) NestLoop(k mk cc cct2 cct1 mi_idx it2 mi t) NestLoop(k mk cc cct2 cct1 mi_idx it2 mi t ci) NestLoop(k mk cc cct2 cct1 mi_idx it2 mi t ci n) HashJoin(k mk cc cct2 cct1 mi_idx it2 mi t ci n it1) Leading((((((((((k mk) ((cc cct2) cct1)) mi_idx) it2) mi) t) ci) n) it1)) */
